// Monsters Additional Database
//
// Structure of Database :
// ID,Sprite_Name,kROName,iROName,LV,HP,SP,EXP,JEXP,Range1,ATK1,ATK2,DEF,MDEF,STR,AGI,VIT,INT,DEX,LUK,Range2,Range3,Scale,Race,Element,Mode,Speed,aDelay,aMotion,dMotion,MEXP,MVP1id,MVP1per,MVP2id,MVP2per,MVP3id,MVP3per,Drop1id,Drop1per,Drop2id,Drop2per,Drop3id,Drop3per,Drop4id,Drop4per,Drop5id,Drop5per,Drop6id,Drop6per,Drop7id,Drop7per,Drop8id,Drop8per,Drop9id,Drop9per,DropCardid,DropCardper

// rAthena Dev Team
//1900,VALARIS,Valaris,Valaris,99,668000,0,107250,37895,2,3220,4040,35,45,1,152,96,85,120,95,10,10,2,6,67,0x1973,100,1068,768,576,13000,608,1000,750,400,923,3800,1466,200,2256,200,2607,800,714,500,617,3000,984,4300,985,5600,0,0,0,0,4147,1
//1901,VALARIS_WORSHIPPER,Valaris's Worshipper,Valaris's Worshipper,50,8578,0,2706,1480,1,487,590,15,25,1,75,55,1,93,45,10,12,0,6,27,0x1685,100,868,480,120,0,0,0,0,0,0,0,923,500,984,63,1464,2,607,50,610,100,503,300,2405,50,0,0,0,0,4129,1
//1902,MC_CAMERI,MC Cameri,MC Cameri,99,668000,0,107250,37895,2,3220,4040,35,45,1,152,96,85,120,95,10,10,2,6,67,0x1973,100,1068,768,576,13000,608,1000,750,400,923,3800,1466,200,2256,200,2607,800,714,500,617,3000,984,4300,985,5600,0,0,0,0,4147,1
//1903,POKI,Poki#3,Poki#3,99,1349000,0,4093000,1526000,9,4892,9113,22,35,1,180,39,67,193,130,10,12,1,7,64,0x1973,120,500,672,480,92100,603,5500,617,3000,1723,1000,1228,100,1236,500,617,2500,1234,75,1237,125,1722,250,1724,100,1720,50,0,0,0,0
//1904,SENTRY,Sentry,Sentry,99,668000,0,107250,37895,2,3220,4040,35,45,1,152,96,85,120,95,10,10,2,6,67,0x1973,100,1068,768,576,13000,608,1000,750,400,923,3800,1466,200,2256,200,2607,800,714,500,617,3000,984,4300,985,5600,0,0,0,0,4147,1

// Custom Hollow Poring (overrrides/collides with META_ANDRE)
//1237,HOLLOW_PORING,Hollow Poring,Hollow Poring,1,50,0,2,1,1,7,10,0,5,1,1,1,0,6,30,10,12,1,3,21,0x83,400,1872,672,480,0,0,0,0,0,0,0,909,7000,1202,100,938,400,512,1000,713,1500,512,150,619,20,0,0,0,0,4001,10
// Custom Fire Poring. Warning, Colides with META_DENIRO
//1239,FIRE_PORING,Fire Poring,Fire Poring,1,50,0,2,1,1,7,10,0,5,1,1,1,1,6,30,10,12,1,3,21,0x131,400,1872,672,480,0,0,0,0,0,0,0,909,7000,1202,100,938,400,512,1000,713,1500,741,5,619,20,0,0,0,0,4001,20

// Lunar New Year 2008 Event Monster overrides
// Uncomment if event is enabled, as these drops modifications are nessecary.
//1145,MARTIN,Martin,Martin,18,1109,0,134,86,1,52,63,0,5,12,18,30,15,15,5,10,12,0,2,42,0x81,300,1480,480,480,0,0,0,0,0,0,0,1017,9000,1018,500,1251,10,2225,5,5009,1,10010,10,2224,15,7869,1500,0,0,4046,1
//1175,TAROU,Tarou,Tarou,11,284,0,57,28,1,34,45,0,0,1,20,11,10,24,5,10,12,0,2,27,0x91,150,1744,1044,684,0,0,0,0,0,0,0,1016,9000,919,3000,949,800,528,1000,701,2,7869,2500,0,0,0,0,0,0,4028,1
//1209,CRAMP,Cramp,Cramp,56,4720,0,2300,1513,1,395,465,0,5,1,85,35,5,65,60,10,12,0,2,45,0x3095,100,1000,500,1000,0,0,0,0,0,0,0,7007,4656,528,1000,726,80,746,110,568,250,510,70,984,95,7869,1500,0,0,4296,1

// iRO St. Patricks Day 2008 Event Monster overrides
// Uncomment if event is enabled, as these drops modifications are nessecary.
//1841,G_SNAKE_,Snake Lord's Minon,Snake Lord's Minon,15,471,0,72,48,1,46,55,0,0,1,15,15,10,35,5,10,12,1,2,22,0x81,200,1576,576,576,0,0,0,0,0,0,0,7915,1000,7916,100,7720,30,12715,7,0,0,0,0,0,0,0,0,0,0,0,0
//1842,G_ANACONDAQ_,Snake Lord's Minon,Snake Lord's Minon,23,1109,0,300,149,1,124,157,0,0,1,23,28,10,36,5,10,12,1,2,25,0x91,200,1576,576,576,0,0,0,0,0,0,0,7915,1000,7916,100,7720,30,12715,7,0,0,0,0,0,0,0,0,0,0,0,0
//1843,SIDE_WINDER_,Snake Lord's Minon,Snake Lord's Minon,43,4929,0,1996,993,1,240,320,5,10,38,43,40,15,115,20,10,12,1,2,25,0x3095,200,1576,576,576,0,0,0,0,0,0,0,7915,1000,7916,100,7720,30,12715,7,0,0,0,0,0,0,0,0,0,0,0,0
//1844,G_ISIS_,Snake Lord's Minon,Snake Lord's Minon,47,7003,0,3709,1550,1,423,507,10,35,38,65,43,50,66,15,10,12,2,6,27,0x3195,200,1384,768,336,0,0,0,0,0,0,0,7915,1000,7916,100,7720,30,12715,8,0,0,0,0,0,0,0,0,0,0,0,0

// iRO Christmas 2008 Event
// Uncomment if event is enabled, as these drops modifications are nessecary.
//1244,JAKK_XMAS,Christmas Jakk,Christmas Jakk,38,3581,0,1113,688,1,315,382,5,30,1,38,38,43,75,45,10,12,1,0,43,0x81,200,1180,480,648,0,0,0,0,0,0,0,529,1000,530,1000,14546,1000,14550,1000,7174,1000,7175,1000,6092,1000,12355,1250,0,0,0,0
//1245,GOBLINE_XMAS,Christmas Goblin,Christmas Goblin,25,1176,0,282,171,1,118,140,10,5,1,53,25,20,38,45,10,12,1,7,24,0x81,100,1120,620,240,0,0,0,0,0,0,0,529,1000,530,1000,14546,1000,14550,1000,7174,1000,7175,1000,6092,1000,12355,1250,0,0,0,0
//1246,COOKIE_XMAS,Christmas Cookie,Christmas Cookie,28,2090,0,461,284,1,140,170,0,50,1,24,30,53,45,100,10,12,0,7,46,0x91,400,1248,1248,240,0,0,0,0,0,0,0,529,1000,530,1000,14546,1000,14550,1000,7174,1000,7175,1000,6092,1000,12355,1250,0,0,0,0
//1247,ANTONIO,Antonio,Antonio,10,10,0,3,2,1,13,20,100,0,1,1,1,50,100,100,10,12,1,3,66,0xC1,100,720,720,432,0,0,0,0,0,0,0,604,500,12354,500,14550,500,5136,500,12132,500,12225,500,5811,500,0,0,0,0,4243,1

// iRO Halloween 2009 Event
// Uncomment if event is enabled. Uncomment the skills for Halloween Whisper in mob_skill_db2.
//3014,HALLOWEEN_WHISPER,Halloween Whisper,Halloween Whisper,1,800,0,0,0,1,10,13,0,45,1,51,14,0,60,0,10,12,0,6,68,0x81,150,1960,960,504,0,0,0,0,0,0,0,12396,150,6299,5335,0,0,0,0,0,0,0,0,0,0,0,0,0,0,0,0
//3015,HALLOWEEN_DARK_LORD,Halloween Dark Lord,Halloween Dark Lord,1,45,0,0,0,1,10,13,0,45,1,51,14,0,60,0,10,12,2,6,89,0x81,100,868,768,480,0,0,0,0,0,0,0,12396,800,12397,5335,0,0,0,0,0,0,0,0,0,0,0,0,0,0,0,0

// iRO Halloween 2008 Event
// Uncomment if event is enabled.
//3000,ZOMBIE,Zombie,Zombie,15,534,0,50,33,1,67,79,0,10,1,8,7,0,15,0,10,12,1,1,29,0x3885,400,2612,912,288,0,0,0,0,0,0,0,957,9000,724,5,938,1000,958,50,727,70,0,0,0,0,0,0,0,0,4038,1
//3001,GHOUL,Ghoul,Ghoul,40,5418,0,1088,622,1,420,500,5,20,1,20,29,0,45,20,10,12,1,1,49,0x3885,250,2456,912,504,0,0,0,0,0,0,0,958,6000,756,110,509,700,511,800,2609,60,934,150,1260,1,0,0,0,0,4110,1
//3002,ZOMBIE_MASTER,Zombie Master,Zombie Master,62,14211,0,7610,2826,1,824,1084,37,26,25,20,30,5,77,35,10,12,1,1,29,0x3695,175,2612,912,288,0,0,0,0,0,0,0,7071,4413,938,1500,958,1500,723,200,727,100,1260,1,2324,2,0,0,0,0,4274,1

//---------- Added back in Atherea ----------
// Sorcerer Elemental Spirits
2114,EL_AGNI_S,Agni,Agni,100,0,1,0,0,1,0,0,0,0,0,0,0,0,0,0,5,0,0,0,83,0x120,200,0,0,0,0,0,0,0,0,0,0,0
2115,EL_AGNI_M,Agni,Agni,100,0,1,0,0,1,0,0,0,0,0,0,0,0,0,0,5,0,1,0,83,0x120,200,0,0,0,0,0,0,0,0,0,0,0
2116,EL_AGNI_L,Agni,Agni,100,0,1,0,0,1,0,0,0,0,0,0,0,0,0,0,5,0,2,0,83,0x120,200,0,0,0,0,0,0,0,0,0,0,0
2117,EL_AQUA_S,Aqua,Aqua,100,0,1,0,0,1,0,0,0,0,0,0,0,0,0,0,5,0,0,0,81,0x120,200,0,0,0,0,0,0,0,0,0,0,0
2118,EL_AQUA_M,Aqua,Aqua,100,0,1,0,0,1,0,0,0,0,0,0,0,0,0,0,5,0,1,0,81,0x120,200,0,0,0,0,0,0,0,0,0,0,0
2119,EL_AQUA_L,Aqua,Aqua,100,0,1,0,0,1,0,0,0,0,0,0,0,0,0,0,5,0,2,0,81,0x120,200,0,0,0,0,0,0,0,0,0,0,0
2120,EL_VENTUS_S,Ventus,Ventus,100,0,1,0,0,4,0,0,0,0,0,0,0,0,0,0,5,0,0,0,84,0x120,200,0,0,0,0,0,0,0,0,0,0,0
2121,EL_VENTUS_M,Ventus,Ventus,100,0,1,0,0,4,0,0,0,0,0,0,0,0,0,0,5,0,1,0,84,0x120,200,0,0,0,0,0,0,0,0,0,0,0
2122,EL_VENTUS_L,Ventus,Ventus,100,0,1,0,0,4,0,0,0,0,0,0,0,0,0,0,5,0,2,0,84,0x120,200,0,0,0,0,0,0,0,0,0,0,0
2123,EL_TERA_S,Tera,Tera,100,0,1,0,0,1,0,0,0,0,0,0,0,0,0,0,5,0,0,0,82,0x120,200,0,0,0,0,0,0,0,0,0,0,0
2124,EL_TERA_M,Tera,Tera,100,0,1,0,0,1,0,0,0,0,0,0,0,0,0,0,5,0,1,0,82,0x120,200,0,0,0,0,0,0,0,0,0,0,0
2125,EL_TERA_L,Tera,Tera,100,0,1,0,0,1,0,0,0,0,0,0,0,0,0,0,5,0,2,0,82,0x120,200,0,0,0,0,0,0,0,0,0,0,0

2126,M_ANOPHELES,Anopheles,Anopheles,100,8000,1,0,0,1,300,400,0,0,40,70,40,40,80,40,10,12,0,4,64,0x3985,170,1084,2304,576,0,0,0,0,0,0,0,0,0,0,0,0,0,0,0,0,0,0,0,0,0,0,0,0,0,0,0
2127,M_HORNET,Hornet,Hornet,110,9000,1,0,0,1,350,450,0,0,40,70,40,40,90,40,10,12,0,4,24,0x1181,150,1292,792,216,0,0,0,0,0,0,0,0,0,0,0,0,0,0,0,0,0,0,0,0,0,0,0,0,0,0,0
2128,M_HORNET2,Hornet,Hornet,120,10000,1,0,0,1,400,500,0,0,40,70,40,40,100,40,10,12,0,4,24,0x1181,150,1292,792,216,0,0,0,0,0,0,0,0,0,0,0,0,0,0,0,0,0,0,0,0,0,0,0,0,0,0,0
2129,M_LUCIOLA_VESPA,Luciola Vespa,Luciola Vespa,130,11000,1,0,0,1,450,650,0,0,60,80,50,50,110,50,10,12,1,4,24,0x7795,110,1000,864,432,0,0,0,0,0,0,0,0,0,0,0,0,0,0,0,0,0,0,0,0,0,0,0,0,0,0,0
2130,M_LUCIOLA_VESPA2,Luciola Vespa,Luciola Vespa,140,12000,1,0,0,1,500,700,0,0,60,80,50,50,120,50,10,12,1,4,24,0x7795,110,1000,864,432,0,0,0,0,0,0,0,0,0,0,0,0,0,0,0,0,0,0,0,0,0,0,0,0,0,0,0

// El Dicastes (13.3) (Non-Renewal Version)
2083,HORN_SCARABA,One-Horn Scaraba,One-Horn Scaraba,130,51100,0,34220,25011,1,5633,8724,45,10,1,111,59,55,71,33,10,12,0,4,22,0x1189,150,332,332,260,0,0,0,0,0,0,0,0,6324,7000,12735,30,7939,10,15000,2,993,2,0,0,0,0,0,0,0,0,0,0
2084,HORN_SCARABA2,Two-Horn Scaraba,Two-Horn Scaraba,134,58900,0,36780,27549,1,5690,8795,50,18,1,124,68,72,85,51,10,12,0,4,22,0x1189,150,332,332,260,0,0,0,0,0,0,0,0,6323,7000,12735,30,7939,10,15000,2,993,2,0,0,0,0,0,0,0,0,0,0
2085,ANTLER_SCARABA,Antler Scaraba,Antler Scaraba,136,62600,0,40330,32225,1,10412,17822,52,48,1,91,59,99,129,45,10,12,1,4,42,0x3795,220,768,768,576,0,0,0,0,0,0,0,0,6322,7000,12735,30,7939,10,985,10,15000,2,993,2,0,0,0,0,0,0,0,0
2086,RAKE_SCARABA,Rake Scaraba,Rake Scaraba,139,67700,0,42990,34995,1,11830,18942,65,30,1,112,66,145,92,77,10,12,1,4,42,0x3795,200,768,768,576,0,0,0,0,0,0,0,0,6321,7000,12735,30,7939,10,985,10,15000,2,993,2,0,0,0,0,0,0,0,0
2087,QUEEN_SCARABA,Queen Scaraba,Queen Scaraba,140,2441600,0,1810220,912200,1,15890,23129,75,50,1,211,88,82,149,144,10,12,2,4,62,0x37B5,200,768,768,576,1000000,10000,617,5500,603,5000,616,3000,6326,7000,1186,1000,2364,1000,671,20,0,0,0,0,0,0,0,0,0,0,0,0
2088,HORN_SCARABA_EGG,One-Horn Scaraba Egg,One-Horn Scaraba Egg,125,63000,0,25000,15000,1,1,2,65,40,1,1,1,130,34,80,10,12,0,4,20,0x0,1000,24,1,1,0,0,0,0,0,0,0,0,7032,3000,518,200,985,100,0,0,0,0,0,0,0,0,0,0,0,0,0,0
2089,HORN_SCARABA2_EGG,Two-Horn Scaraba Egg,Two-Horn Scaraba Egg,126,66000,0,25000,15000,1,1,2,67,42,1,1,1,130,48,80,10,12,0,4,20,0x0,1000,24,1,1,0,0,0,0,0,0,0,0,7032,3000,518,200,985,100,0,0,0,0,0,0,0,0,0,0,0,0,0,0
2090,ANTLER_SCARABA_EGG,Antler Scaraba Egg,Antler Scaraba Egg,127,69000,0,25000,15000,1,1,2,65,65,1,1,1,130,82,80,10,12,0,4,20,0x0,1000,24,1,1,0,0,0,0,0,0,0,0,7032,3000,518,200,985,100,0,0,0,0,0,0,0,0,0,0,0,0,0,0
2091,RAKE_SCARABA_EGG,Rake Scaraba Egg,Rake Scaraba Egg,128,72000,0,25000,15000,1,1,2,70,35,1,1,1,130,39,80,10,12,0,4,20,0x0,1000,24,1,1,0,0,0,0,0,0,0,0,7032,3000,518,200,985,100,0,0,0,0,0,0,0,0,0,0,0,0,0,0
2092,DOLOMEDES,Dolomedes,Dolomedes,132,54591,0,33155,33155,1,7677,9963,33,22,1,125,44,82,155,67,10,12,2,4,64,0x3795,250,151,288,360,0,0,0,0,0,0,0,0,6325,7000,6319,3000,6090,300,6224,300,12738,30,2789,2,0,0,0,0,0,0,0,0
2144,G_ANTLER_SCARABA,Antler Scaraba,Antler Scaraba,136,62600,0,0,0,1,10412,17822,52,48,1,91,59,99,129,45,10,12,1,4,42,0x37B5,220,768,768,576,0,0,0,0,0,0,0,0,0,0,0,0,0,0,0,0,0,0,0,0,0,0,0,0,0,0,0,0
2145,G_RAKE_SCARABA,Rake Scaraba,Rake Scaraba,139,67700,0,0,0,1,11830,18942,65,30,1,112,66,145,92,77,10,12,1,4,42,0x37B5,200,768,768,576,0,0,0,0,0,0,0,0,0,0,0,0,0,0,0,0,0,0,0,0,0,0,0,0,0,0,0,0

2093,BOTARING,Botaring,Botaring,15,15,1,7,7,2,20,40,20,20,10,10,10,10,77,77,10,12,0,0,26,0x81,170,1872,672,480,0,0,0,0,0,0,0,12492,7000,12492,3500,12492,1000,5204,700,664,2000,665,2000,666,2000,0,0,0,0,603,500

// Additional MVPs
2094,E_ORK_HERO2,Orc Hero,Orc Hero,50,362000,1,2010,2010,1,662,1103,197,70,97,82,107,71,144,43,10,12,2,7,42,0x37B5,150,1678,780,648,1005,725,2000,607,5000,607,5000,968,9700,10018,500,1366,150,12539,50,1124,1000,985,4559,1387,100,0,0,0,0,4143,1
2095,E_EDDGA,Eddga,Eddga,65,247500,1,2010,2010,1,866,1342,166,70,92,80,103,66,90,85,10,12,2,2,23,0x37B5,300,872,1344,432,1005,1030,5000,1030,3000,1030,3000,1133,150,2268,250,518,10000,12539,50,1030,250,985,2300,13046,100,0,0,0,0,4074,1
2096,E_OSIRIS2,Osiris,Osiris,68,475840,1,2010,2010,1,1580,2483,172,164,97,99,86,131,145,67,10,12,1,1,89,0x37B5,100,1072,672,384,1005,603,2000,608,500,608,500,617,2000,1232,150,2235,200,12539,50,1009,1000,5053,150,1285,100,0,0,0,0,4144,1
2097,E_DRACULA,Dracula,Dracula,75,350000,1,2010,2010,3,1322,3134,152,146,86,99,88,92,145,82,10,12,2,6,87,0x37B5,145,1290,1140,576,1005,607,5500,732,5000,732,5000,607,4700,1473,5,1722,5,2507,15,2621,4,1557,4,12539,50,0,0,0,0,4134,1
2098,E_DOPPELGANGER,Doppelganger,Doppelganger,77,380000,1,2010,2010,1,1639,2815,246,86,122,122,105,67,169,72,10,12,1,6,67,0x37B5,100,480,480,288,1005,723,1500,505,0,505,0,2317,250,1162,220,1168,150,2258,350,12539,50,985,3686,984,2700,0,0,0,0,4127,1
2099,E_MISTRESS,Mistress,Mistress,78,378000,1,2010,2010,1,985,2352,187,192,76,186,88,113,172,79,10,12,0,4,84,0x37B5,100,1148,648,300,1005,996,1500,526,3000,526,3000,12539,50,518,10000,2249,250,616,1000,7018,10,985,4268,16001,100,0,0,0,0,4132,1
2100,E_BAPHOMET2,Baphomet,Baphomet,81,668000,1,2010,2010,2,2864,4148,279,45,120,125,30,85,155,85,10,12,2,6,67,0x37B5,100,768,768,576,1005,607,2000,750,5000,750,5000,12539,100,2256,300,1476,50,714,500,5160,10,985,5432,984,4171,0,0,0,0,4147,1
2101,E_LORD_OF_DEATH2,Lord of Death,Lord of the Dead,94,603883,1,2010,2010,3,4116,5078,336,73,140,99,30,109,100,90,10,12,2,6,67,0x37B5,180,1446,1296,360,1005,607,5500,732,5000,732,5000,7108,5335,1417,5,12539,100,2621,2,7109,10,1306,1,1529,2,0,0,0,0,4210,1
2102,E_DARKLORD,Dark Lord,Dark Lord,1,1,0,0,0,1,1,2,2,0,1,1,1,1,1,1,10,12,2,6,20,0x37B5,100,868,768,480,0,0,0,0,0,0,0,12396,5000,12397,5000,0,0,0,0,0,0,0,0,0,0,0,0,0,0,0,0
2103,E_KTULLANUX,Ktullanux,Ktullanux,98,2626000,1,2010,2010,3,2888,5568,129,78,85,126,30,125,177,112,10,12,2,2,81,0x37B5,400,432,840,216,1005,607,5500,617,5000,617,5000,7562,9000,616,3000,2509,3000,2111,5000,617,5000,607,5000,12539,100,0,0,0,0,4419,1
2104,E_DARK_SNAKE_LORD,Dark Snake Lord,Evil Snake Lord,105,1101000,1,2010,2010,3,2217,4203,314,185,122,172,107,135,196,88,10,12,2,2,68,0x37B5,200,588,816,420,1005,607,5500,617,5500,617,5500,7169,5820,10020,5100,1471,80,12539,50,1474,500,7226,900,661,2000,0,0,0,0,4330,1
2105,E_TURTLE_GENERAL,Turtle General,Turtle General,110,1442000,1,2010,2010,2,2438,4504,394,123,116,123,154,99,181,98,10,12,2,2,42,0x37B5,200,900,1000,500,1005,967,5500,607,2000,607,2000,1529,8,1306,5,7480,200,1417,9,7070,5335,1141,80,12539,50,0,0,0,0,4246,1
2106,E_APOCALIPS_H,Vesper,Vesper,128,3802000,1,2010,2010,3,2620,7276,402,109,177,195,165,130,182,102,10,12,2,2,46,0x37B5,180,504,912,432,1005,617,5500,603,2000,603,2000,7095,5000,7094,3000,12539,50,2659,100,2660,100,2661,100,2662,100,0,0,0,0,4374,1
2107,E_FALLINGBISHOP,Fallen Bishop,Fallen Bishop Hibram,138,5655000,1,2010,2010,1,2860,4496,274,182,186,165,95,226,182,86,10,12,1,6,47,0x37B5,150,432,432,360,1005,607,5500,608,2000,608,2000,523,10000,1420,1000,2677,500,1422,1000,985,5432,12539,200,6223,500,0,0,0,0,4441,1
2108,E_GLOOMUNDERNIGHT,Gloom Under Night,Gloom Under Night,139,3005000,1,2010,2010,3,3061,5846,479,262,191,223,187,155,241,163,10,12,2,0,68,0x37B5,200,1344,2880,576,1005,607,5500,617,5000,617,5000,7566,7000,7023,4000,7022,2000,616,5000,2513,1000,1377,100,12539,200,0,0,0,0,4410,1
2109,E_RANDGRIS,Valkyrie Randgris,Valkyrie Randgris1,141,2205000,1,2010,2010,3,2895,9307,588,506,196,131,125,276,267,156,10,12,2,8,86,0x37B5,100,576,576,480,1005,617,5500,603,2000,603,2000,7510,5000,2357,1600,2524,3000,2421,3000,2229,5000,7024,2500,12539,200,0,0,0,0,4407,1
2110,E_IFRIT,Ifrit,Ifrit,146,6935000,1,2010,2010,3,5375,8764,436,218,180,201,156,190,199,77,10,12,2,0,83,0x37B5,130,212,384,360,1005,617,5500,6223,2000,6223,2000,994,10000,2677,3000,2678,200,2679,200,1471,2000,1133,2000,12539,200,0,0,0,0,4430,1
2111,E_B_HARWORD,Whitesmith Harword,Whitesmith Howard,160,6750000,1,2010,2010,1,3500,4965,301,106,275,148,156,72,177,60,10,12,1,7,82,0x37B5,100,76,384,288,1005,617,5500,603,2000,603,2000,1138,3500,1140,2500,12539,200,1365,3500,1364,3500,1369,2500,1368,3500,0,0,0,0,4361,1
2112,E_B_SEYREN,Lord Knight Seyren,Lord Knight Seyren,160,4680000,1,2010,2010,1,4290,6632,567,155,303,165,181,110,178,66,10,12,1,7,83,0x37B5,100,76,384,288,1005,617,5500,603,2000,603,2000,1132,2500,2342,3500,12539,200,1470,3500,1469,3000,1166,2500,1415,1500,0,0,0,0,0,0
2113,E_B_EREMES,Assassin Cross Eremes,Assassin Cross Eremes,160,4230000,1,2010,2010,1,4055,5433,445,98,211,181,114,83,225,60,10,12,1,7,85,0x37B5,100,76,384,288,1005,617,5500,603,2000,603,2000,1234,1500,13017,1500,12539,200,1233,3500,1232,3500,1265,3500,13002,3500,0,0,0,0,4359,1


// Bifrost (14.1) (Non-Renewal Version)
2131,LOST_DRAGON,Lost Dragon,Lost Dragon,135,608920,0,300000,300000,1,10000,15000,22,14,1,150,30,250,150,30,10,12,2,9,67,0x37B5,120,1872,672,480,0,0,0,0,0,0,0,0,2610,7000,610,3000,607,50,608,100,712,500,13062,1000,1985,500,0,0,0,0,0,0
2132,POM_SPIDER,Pom Spider,Pom Spider,145,122110,0,54250,55500,1,24000,28000,52,41,1,150,50,50,120,70,10,12,1,4,84,0x3795,300,768,768,576,0,0,0,0,0,0,0,0,1042,3000,11520,300,12573,100,13431,50,0,0,0,0,0,0,0,0,0,0,0,0
2133,ANGRA_MANTIS,Angra Mantis,Angra Mantis,144,91720,0,51790,45020,1,17000,21000,37,31,1,190,30,30,120,60,10,12,1,4,64,0x3795,130,864,500,192,0,0,0,0,0,0,0,0,6086,7000,7194,300,0,0,0,0,0,0,0,0,0,0,0,0,0,0,0,0
2134,PARUS,Parus,Parus,142,86990,0,47310,42990,1,21000,26000,34,19,1,150,50,90,90,30,10,12,0,2,62,0x3795,180,768,768,576,0,0,0,0,0,0,0,0,6393,7000,7063,300,12736,50,0,0,0,0,0,0,0,0,0,0,0,0,0,0
2135,CREEPER,Creeper,Creeper,130,750,0,0,0,1,1,2,0,0,1,1,1,0,6,30,10,12,0,0,20,0x40,1000,24,1,1,0,0,0,0,0,0,0,0,0,0,0,0,0,0,0,0,0,0,0,0,0,0,0,0,0,0,0,0
2136,LITTLE_FATUM,Little Fatum,Little Fatum,142,85100,0,48500,37500,1,13000,15000,21,68,1,120,30,170,90,30,10,12,0,7,64,0x3795,150,332,332,260,0,0,0,0,0,0,0,0,6395,7000,11519,300,7938,50,0,0,0,0,0,0,0,0,0,0,0,0,0,0
2137,MIMING,Miming,Miming,140,81200,0,45100,35310,1,19000,23000,42,42,1,120,30,150,90,30,10,12,0,0,20,0x3795,300,768,768,576,0,0,0,0,0,0,0,0,6394,7000,7938,300,0,0,0,0,0,0,0,0,0,0,0,0,0,0,0,0
2138,NYDHOG_MEMORY1_1,Nydhoggur Memory,Nydhoggur Memory,130,10,0,0,0,1,4000,7000,0,0,1,1,1,0,100,30,10,12,0,0,20,0x11E9,180,768,768,576,0,0,0,0,0,0,0,0,0,0,0,0,0,0,0,0,0,0,0,0,0,0,0,0,0,0,0,0
2139,NYDHOG_MEMORY1_2,Nydhoggur Memory,Nydhoggur Memory,130,10,0,0,0,1,4000,7000,0,0,1,1,1,0,100,30,10,12,0,0,20,0x11E9,180,768,768,576,0,0,0,0,0,0,0,0,0,0,0,0,0,0,0,0,0,0,0,0,0,0,0,0,0,0,0,0
2140,NYDHOG_MEMORY2_1,Nydhoggur Memory,Nydhoggur Memory,130,10,0,0,0,1,5000,9000,0,0,1,1,1,0,100,30,10,12,0,0,20,0x11E9,180,768,768,576,0,0,0,0,0,0,0,0,0,0,0,0,0,0,0,0,0,0,0,0,0,0,0,0,0,0,0,0
2141,NYDHOG_MEMORY2_2,Nydhoggur Memory,Nydhoggur Memory,130,10,0,0,0,1,5000,9000,0,0,1,1,1,0,100,30,10,12,0,0,20,0x11E9,180,768,768,576,0,0,0,0,0,0,0,0,0,0,0,0,0,0,0,0,0,0,0,0,0,0,0,0,0,0,0,0
2142,NYDHOG_MEMORY3_1,Nydhoggur Memory,Nydhoggur Memory,130,10,0,0,0,1,6000,11000,0,0,1,1,1,0,100,30,10,12,0,0,20,0x11E9,180,768,768,576,0,0,0,0,0,0,0,0,0,0,0,0,0,0,0,0,0,0,0,0,0,0,0,0,0,0,0,0
2143,NYDHOG_MEMORY3_2,Nydhoggur Memory,Nydhoggur Memory,130,10,0,0,0,1,6000,11000,0,0,1,1,1,0,100,30,10,12,0,0,20,0x11E9,180,768,768,576,0,0,0,0,0,0,0,0,0,0,0,0,0,0,0,0,0,0,0,0,0,0,0,0,0,0,0,0

2146,G_S_NYDHOG,G_S_NYDHOG,G_S_NYDHOG,117,300000,0,0,0,2,840,1680,60,60,1,30,30,136,88,30,10,12,2,9,87,0x37B5,150,1596,1620,864,0,0,0,0,0,0,0,0,0,0,0,0,0,0,0,0,0,0,0,0,0,0,0,0,0,0,0
2147,E_WHITE_PLANT,White Plant,White Plant,1,60,1,27,20,1,8,9,2,5,6,1,1,0,6,5,10,12,1,3,21,0x83,400,1872,672,480,0,0,0,0,0,0,0,0,0,0,0,0,0,0,0,0,0,0,0,0,0,0,0,0,0,0,0
2148,E_BLUE_PLANT,Blue Plant,Blue Plant,1,60,1,27,20,1,8,9,2,5,6,1,1,0,6,5,10,12,1,3,21,0x83,400,1872,672,480,0,0,0,0,0,0,0,0,0,0,0,0,0,0,0,0,0,0,0,0,0,0,0,0,0,0,0
2149,E_SAVAGE_BABE,Savage Babe,Savage Babe,1,60,1,27,20,1,8,9,2,5,6,1,1,0,6,5,10,12,1,3,21,0x83,400,1872,672,480,0,0,0,0,0,0,0,0,0,0,0,0,0,0,0,0,0,0,0,0,0,0,0,0,0,0,0
2150,WATERMELON,Watermelon,Watermelon,12,10,0,0,0,1,7,10,1,1,1,1,1,1,6,30,10,12,1,3,21,0x40,2000,1,1,1,0,0,0,0,0,0,0,6411,5000,911,2000,7198,2000,741,100,0,0,0,0,0,0,0,0,0,0,0,0

// Dewata
2151,ALNOLDI,Alnoldi,Rafflesia Alnoldi,80,5149,0,1399,1280,1,378,447,80,20,1,32,24,61,85,30,10,12,1,3,22,0x3895,300,768,768,576,0,0,0,0,0,0,0,705,250,520,425,905,4500,711,300,521,250,2269,100,0,0,0,0,0,0,4515,1
2152,COMODO,Comodo,Comodo,81,4002,0,1072,1581,1,427,469,92,11,50,52,35,20,94,48,10,12,1,2,65,0x3895,165,432,432,360,0,0,0,0,0,0,0,6403,5000,517,9000,911,9000,908,5000,0,0,0,0,0,0,0,0,0,0,4516,1
2153,CENDRAWASIH,Cendrawasih,Cendrawasih,84,5556,0,2612,2687,1,297,467,72,33,50,77,51,58,92,45,10,12,1,8,23,0x3895,220,768,768,576,0,0,0,0,0,0,0,6405,9000,7063,8000,916,9000,0,0,0,0,0,0,0,0,0,0,0,0,4517,1
2154,BANASPATY,Banaspaty,Banaspaty,85,4680,0,1164,1688,1,200,382,63,89,1,78,35,77,79,20,10,12,0,0,63,0x3895,220,1872,672,480,0,0,0,0,0,0,0,1003,1000,912,2000,985,200,756,1500,1752,500,0,0,0,0,0,0,0,0,4518,1
2155,BUTOIJO,Butoijo,Butoijo,88,7524,0,1355,1752,1,358,460,77,12,50,65,30,30,106,44,10,12,2,6,43,0x4995,200,1100,483,528,0,0,0,0,0,0,0,938,2750,537,500,520,450,0,0,0,0,0,0,0,0,0,0,0,0,4519,1
2156,LEAK,Leak,Leak,94,1266000,0,472800,300120,1,3723,5007,280,128,100,125,30,85,186,55,10,12,2,6,47,0x37B5,150,151,288,360,236400,607,5500,617,2250,616,450,1422,10,617,2500,607,2500,15032,500,12738,3500,518,2500,969,2000,0,0,0,0,4520,1
2157,G_BANASPATY,Banaspaty,Banaspaty,85,4680,0,0,0,1,200,382,63,89,1,78,35,77,79,20,10,12,0,0,63,0x37B5,220,1872,672,480,0,0,0,0,0,0,0,0,0,0,0,0,0,0,0,0,0,0,0,0,0,0,0,0,0,0,0

// Homunculus S Summons
2158,S_HORNET,Hornet,Hornet,1,60,1,27,20,1,8,9,2,5,6,1,1,0,6,5,10,12,1,3,21,0x83,400,1872,672,480,0,0,0,0,0,0,0,0,0,0,0,0,0,0,0,0,0,0,0,0,0,0,0,0,0,0,0
2159,S_GIANT_HORNET,Giant Hornet,Giant Hornet,1,60,1,27,20,1,8,9,2,5,6,1,1,0,6,5,10,12,1,3,21,0x83,400,1872,672,480,0,0,0,0,0,0,0,0,0,0,0,0,0,0,0,0,0,0,0,0,0,0,0,0,0,0,0
2160,S_LUCIOLA_VESPA,Luciola Vespa,Luciola Vespa,1,60,1,27,20,1,8,9,2,5,6,1,1,0,6,5,10,12,1,3,21,0x83,400,1872,672,480,0,0,0,0,0,0,0,0,0,0,0,0,0,0,0,0,0,0,0,0,0,0,0,0,0,0,0

// Nightmare Scaraba Hole
2161,I_HORN_SCARABA,Gold One-Horn Scaraba,Gold One-Horn Scaraba,130,204400,0,15660,12033,1,1266,1448,135,20,1,109,55,121,121,33,10,12,0,4,22,0x3795,150,76,384,288,0,0,0,0,0,0,0,6324,10000,1433,4,12735,20,7939,20,993,4,0,0,0,0,0,0,0,0,4508,1
2162,I_HORN_SCARABA2,Gold Two-Horn Scaraba,Gold Two-Horn Scaraba,134,235600,0,17340,13647,1,1380,1590,150,38,1,118,72,145,134,51,10,12,0,4,22,0x3795,150,76,384,288,0,0,0,0,0,0,0,6323,10000,13061,4,12735,20,7939,20,993,4,0,0,0,0,0,0,0,0,4508,1
2163,I_ANTLER_SCARABA,Gold Antler Scaraba,Gold Antler Scaraba,136,250400,0,18990,15675,1,824,1644,155,102,1,149,59,229,141,45,10,12,1,4,42,0x3795,220,76,384,288,0,0,0,0,0,0,0,6322,10000,1930,4,12735,20,7939,20,993,4,0,0,0,0,0,0,0,0,4508,1
2164,I_RAKE_SCARABA,Gold Rake Scaraba,Gold Rake Scaraba,139,270800,0,20970,16785,1,1660,1884,250,70,1,116,145,152,162,77,10,12,1,4,42,0x3795,200,76,384,288,0,0,0,0,0,0,0,6321,10000,16010,4,12735,20,15000,20,993,4,0,0,0,0,0,0,0,0,4508,1
2165,I_QUEEN_SCARABA,Gold Queen Scaraba,Gold Queen Scaraba,140,6441600,0,4102200,2122000,3,3778,6258,350,220,100,138,82,249,261,144,10,12,2,4,62,0x37B5,200,768,768,576,2051100,616,5500,616,5000,616,2000,6326,10000,1191,2000,2364,2000,1196,800,18103,1000,0,0,0,0,0,0,0,0,4509,1
2166,I_HORN_SCARABA_EGG,Gold One-Horn Scaraba Egg,Gold One-Horn Scaraba Egg,125,126000,0,12000,9000,1,1,2,230,55,1,1,130,34,1,80,10,12,0,4,20,0x0,1000,24,1,1,0,0,0,0,0,0,0,7032,10000,518,200,985,20,0,0,0,0,0,0,0,0,0,0,0,0,0,0
2167,I_HORN_SCARABA2_EGG,Gold Two-Horn Scaraba Egg,Gold Two-Horn Scaraba Egg,126,132000,0,12000,9000,1,1,2,250,62,1,1,130,48,1,80,10,12,0,4,20,0x0,1000,24,1,1,0,0,0,0,0,0,0,7032,10000,518,200,985,20,0,0,0,0,0,0,0,0,0,0,0,0,0,0
2168,I_ANTLER_SCARABA_EGG,Gold Antler Scaraba Egg,Gold Antler Scaraba Egg,127,138000,0,12000,9000,1,1,2,235,180,1,1,130,82,1,80,10,12,0,4,20,0x0,1000,24,1,1,0,0,0,0,0,0,0,7032,10000,518,200,985,20,0,0,0,0,0,0,0,0,0,0,0,0,0,0
2169,I_RAKE_SCARABA_EGG,Gold Rake Scaraba Egg,Gold Rake Scaraba Egg,128,144000,0,12000,9000,1,1,2,290,44,1,1,130,39,1,80,10,12,0,4,20,0x0,1000,24,1,1,0,0,0,0,0,0,0,7032,10000,518,200,985,20,2153,20,0,0,0,0,0,0,0,0,0,0,0,0
2170,I_G_ANTLER_SCARABA,Gold Antler Scaraba,Gold Antler Scaraba,136,250400,0,0,0,1,824,1644,155,102,1,149,59,229,141,45,10,12,1,4,42,0x37B5,220,76,384,288,0,0,0,0,0,0,0,0,0,0,0,0,0,0,0,0,0,0,0,0,0,0,0,0,0,0,0
2171,I_G_RAKE_SCARABA,Gold Rake Scaraba,Gold Rake Scaraba,139,270800,0,0,0,1,1660,1884,250,70,1,116,145,152,162,77,10,12,1,4,42,0x37B5,200,76,384,288,0,0,0,0,0,0,0,0,0,0,0,0,0,0,0,0,0,0,0,0,0,0,0,0,0,0,0
2172,I_G_HORN_SCARABA,Gold One-Horn Scaraba,Gold One-Horn Scaraba,130,204400,0,0,0,1,1266,1448,135,20,1,109,55,121,121,33,10,12,0,4,22,0x37B5,150,76,384,288,0,0,0,0,0,0,0,0,0,0,0,0,0,0,0,0,0,0,0,0,0,0,0,0,0,0,0
2173,I_G_HORN_SCARABA2,Gold Two-Horn Scaraba,Gold Two-Horn Scaraba,134,235600,0,0,0,1,1380,1590,150,38,1,118,72,145,134,51,10,12,0,4,22,0x37B5,150,76,384,288,0,0,0,0,0,0,0,0,0,0,0,0,0,0,0,0,0,0,0,0,0,0,0,0,0,0,0

// Malangdo Island
2174,MD_VADON,Deep Sea Vadon,Deep Sea Vadon,95,120000,0,1500,1500,1,710,1384,154,21,1,63,84,60,99,45,10,12,0,5,21,0x37B5,300,1632,432,540,0,0,0,0,0,0,0,991,40,960,9000,910,3000,2313,5,943,100,757,40,717,50,0,0,0,0,4049,1
2175,MD_MARSE,Deep Sea Marse,Deep Sea Marse,95,120000,0,1500,1500,1,740,1456,58,218,1,51,75,30,99,30,10,12,0,5,41,0x37B5,300,1956,756,528,0,0,0,0,0,0,0,1024,9000,962,3000,717,200,720,10,995,12,1007,5,514,300,0,0,0,0,4095,1
2176,MD_CRAB,Deep Sea Crab,Deep Sea Crab,95,120000,0,1500,1500,1,600,1176,136,15,54,42,72,21,84,45,7,12,0,5,21,0x37B5,200,992,792,360,0,0,0,0,0,0,0,964,5500,960,1500,7049,700,1001,13,0,0,0,0,757,37,0,0,0,0,4153,1
2177,MD_CORNUTUS,Deep Sea Cornutus,Deep Sea Cornutus,100,160000,0,1500,1500,1,715,1392,342,48,1,81,135,48,51,45,10,12,0,5,21,0x37B5,200,1248,48,480,0,0,0,0,0,0,0,991,45,961,5500,911,800,757,53,2106,5,943,1000,717,100,0,0,0,0,4061,1
2178,MD_SHELLFISH,Deep Sea Shellfish,Deep Sea Shellfish,100,160000,0,1500,1500,1,740,1408,43,215,1,33,144,75,78,30,10,12,0,5,21,0x37B5,200,864,864,384,0,0,0,0,0,0,0,965,5500,966,1000,7049,500,1056,1000,1001,10,0,0,757,18,0,0,0,0,4273,1
2179,MD_KUKRE,Deep Sea Kukre,Deep Sea Kukre,100,160000,0,1500,1500,1,595,1160,123,33,1,90,66,60,96,60,10,12,0,5,21,0x37B5,150,1776,576,288,0,0,0,0,0,0,0,991,30,955,5500,910,400,528,500,507,650,928,450,623,20,0,0,0,0,4027,1
2180,MD_STROUF,Deep Sea Strouf,Deep Sea Strouf,1,50,0,0,0,1,7,10,0,5,1,1,1,1,6,30,10,12,1,3,21,0x83,400,1872,672,480,0,0,0,0,0,0,0,0,0,0,0,0,0,0,0,0,0,0,0,0,0,0,0,0,0,0,0
2181,MD_SWORD_FISH,Deep Sea Sword Fish,Deep Sea Sword Fish,1,50,0,0,0,1,7,10,0,5,1,1,1,1,6,30,10,12,1,3,21,0x83,400,1872,672,480,0,0,0,0,0,0,0,0,0,0,0,0,0,0,0,0,0,0,0,0,0,0,0,0,0,0,0
2182,MD_MARC,Deep Sea Marc,Deep Sea Marc,1,50,0,0,0,1,7,10,0,5,1,1,1,1,6,30,10,12,1,3,21,0x83,400,1872,672,480,0,0,0,0,0,0,0,0,0,0,0,0,0,0,0,0,0,0,0,0,0,0,0,0,0,0,0
2183,MD_ANOLIAN,Deep Sea Anolian,Deep Sea Anolian,1,50,0,0,0,1,7,10,0,5,1,1,1,1,6,30,10,12,1,3,21,0x83,400,1872,672,480,0,0,0,0,0,0,0,0,0,0,0,0,0,0,0,0,0,0,0,0,0,0,0,0,0,0,0
2184,MD_OBEAUNE,Deep Sea Obeaune,Deep Sea Obeaune,1,50,0,0,0,1,7,10,0,5,1,1,1,1,6,30,10,12,1,3,21,0x83,400,1872,672,480,0,0,0,0,0,0,0,0,0,0,0,0,0,0,0,0,0,0,0,0,0,0,0,0,0,0,0
2185,MD_KAPHA,Deep Sea Kapha,Deep Sea Kapha,1,50,0,0,0,1,7,10,0,5,1,1,1,1,6,30,10,12,1,3,21,0x83,400,1872,672,480,0,0,0,0,0,0,0,0,0,0,0,0,0,0,0,0,0,0,0,0,0,0,0,0,0,0,0
2186,COELACANTH_N_E,Coelacanth,Coelacanth,100,2200000,0,0,0,1,7,10,130,65,1,1,1,1,6,30,10,12,2,5,41,0x37B5,400,1872,672,480,0,0,0,0,0,0,0,0,0,0,0,0,0,0,0,0,0,0,0,0,0,0,0,0,0,0,0
2187,COELACANTH_N_A,Dark Coelacanth,Dark Coelacanth,100,2200000,0,0,0,1,7,10,130,65,1,1,1,1,6,30,10,12,2,5,41,0x37B5,400,1872,672,480,0,0,0,0,0,0,0,0,0,0,0,0,0,0,0,0,0,0,0,0,0,0,0,0,0,4527,1
2188,COELACANTH_N_M,Weird Coelacanth,Weird Coelacanth,100,2200000,0,0,0,1,7,10,130,65,1,1,1,1,6,30,10,12,2,5,41,0x37B5,400,1872,672,480,0,0,0,0,0,0,0,0,0,0,0,0,0,0,0,0,0,0,0,0,0,0,0,0,0,4526,1
2189,COELACANTH_H_M,Mutant Coelacanth,Mutant Coelacanth,140,2200000,0,0,0,1,7,10,130,65,1,1,1,1,6,30,10,12,2,5,41,0x37B5,400,1872,672,480,0,0,0,0,0,0,0,0,0,0,0,0,0,0,0,0,0,0,0,0,0,0,0,0,0,4528,1
2190,COELACANTH_H_A,Violent Coelacanth,Violent Coelacanth,140,2200000,0,0,0,1,7,10,130,65,1,1,1,1,6,30,10,12,2,5,41,0x37B5,400,1872,672,480,0,0,0,0,0,0,0,0,0,0,0,0,0,0,0,0,0,0,0,0,0,0,0,0,0,4529,1
2191,MD_SEAWEED,Seaweed,Seaweed,1,50,0,0,0,1,7,10,0,5,1,1,1,1,6,30,10,12,1,3,21,0x83,400,1872,672,480,0,0,0,0,0,0,0,0,0,0,0,0,0,0,0,0,0,0,0,0,0,0,0,0,0,0,0
2192,MD_OCTOPUS,Octopus,Octopus,90,6000,0,4000,2000,1,778,1167,154,21,100,100,100,100,100,100,10,12,0,5,41,0x3795,150,768,768,576,0,0,0,0,0,0,0,1024,3000,962,3000,12615,10,0,0,0,0,0,0,0,0,0,0,0,0,4533,1
2193,MD_OCTOPUS_LEG,Octopus Leg,Octopus Leg,90,500000,0,4000,2000,1,778,1167,154,21,100,100,100,100,100,100,10,12,0,5,41,0x1A4,400,768,768,576,0,0,0,0,0,0,0,12613,30,0,0,0,0,0,0,0,0,0,0,0,0,0,0,0,0,0,0
2194,MD_GIANT_OCTOPUS,Giant Octupus,Giant Octopus,95,500000,0,40000,20000,2,1900,2850,154,21,100,50,50,150,150,50,10,12,2,5,41,0x37B5,400,768,768,576,0,0,0,0,0,0,0,12615,7000,12615,3000,12614,3000,12617,1000,12642,1000,12623,500,0,0,0,0,0,0,4534,1
2195,MD_G_KUKRE,Kukre,Kukre,1,50,0,0,0,1,7,10,0,5,1,1,1,1,6,30,10,12,1,3,21,0x83,400,1872,672,480,0,0,0,0,0,0,0,0,0,0,0,0,0,0,0,0,0,0,0,0,0,0,0,0,0,0,0
2196,MD_G_STROUF,Strouf,Strouf,1,50,0,0,0,1,7,10,0,5,1,1,1,1,6,30,10,12,1,3,21,0x83,400,1872,672,480,0,0,0,0,0,0,0,0,0,0,0,0,0,0,0,0,0,0,0,0,0,0,0,0,0,0,0
2197,RED_ERUMA,Red Eruma,Red Eruma,91,9900,0,1909,1909,1,620,930,102,102,1,75,40,40,75,30,10,12,1,5,41,0x89,150,768,768,576,0,0,0,0,0,0,0,6426,7000,965,4000,966,4000,1056,2000,757,200,756,50,603,10,0,0,0,0,4531,1
2198,KING_DRAMOH,King Dramoh,King Dramoh,117,28800,0,3350,1300,1,1320,1848,480,22,100,70,30,50,100,70,10,12,2,5,41,0x37B5,120,432,432,360,0,0,0,0,0,0,0,960,7000,943,3000,7938,500,995,100,6256,100,1523,1,13035,1,0,0,0,0,4524,1
2199,SIORAVA,Siorava,Siorava,87,6500,0,1200,1200,1,450,675,20,40,1,30,25,55,60,30,10,12,0,0,21,0x83,200,1872,672,480,0,0,0,0,0,0,0,958,7000,7071,3000,7005,1000,932,1000,12624,500,1202,10,13034,1,0,0,0,0,4530,1

// Izlude Dungeon F6
//2200,J_TAINI,Taini,Taini,1,50,0,0,0,1,7,10,0,5,1,1,1,1,6,30,10,12,1,3,21,0x83,400,1872,672,480,0,0,0,0,0,0,0,0,0,0,0,0,0,0,0,0,0,0,0,0,0,0,0,0,0,0,0
2201,SROPHO,Sropho,Sropho,113,24002,0,1934,1900,1,571,856,44,91,100,50,30,70,90,30,10,12,1,5,41,0x3795,135,700,600,360,0,0,0,0,0,0,0,951,7000,7938,500,756,250,12012,25,1971,25,1972,10,0,0,0,0,0,0,4522,1
2202,KRAKEN,Kraken,Kraken,124,5602800,0,983332,961111,3,3823,4969,55,229,150,150,150,180,180,150,10,12,2,5,81,0x37B5,150,768,768,576,491666,607,5500,617,2250,616,450,962,9000,1422,1000,1484,500,1131,300,2347,100,7444,5000,0,0,0,0,0,0,4525,1
2203,POT_DOFLE,Pot Dofle,Pot Dofle,115,25211,0,2650,1350,1,1088,1632,122,55,100,50,50,70,100,30,10,12,0,5,41,0x1089,135,768,768,576,0,0,0,0,0,0,0,1056,3000,7013,1000,1024,500,6257,100,969,2,617,1,0,0,0,0,0,0,4523,1
2204,SEDORA,Sedora,Sedora,110,22050,0,1853,1739,1,758,1137,92,55,100,50,50,30,70,30,10,12,1,5,41,0x3795,120,504,960,576,0,0,0,0,0,0,0,962,5000,1024,5000,6256,100,7939,100,2424,10,603,5,0,0,0,0,0,0,4521,1
//2205,TACNU,Tacnu,Tacnu,1,50,0,0,0,1,7,10,0,5,1,1,1,1,6,30,10,12,1,3,21,0x83,400,1872,672,480,0,0,0,0,0,0,0,0,0,0,0,0,0,0,0,0,0,0,0,0,0,0,0,0,0,0,0
2206,KRAKEN_LEG,Kraken Leg,Kraken Leg,124,39190,0,0,0,2,1685,2190,128,158,100,100,100,130,130,100,10,12,2,5,81,0x37B5,150,768,768,576,0,0,0,0,0,0,0,7565,10,6253,10,0,0,0,0,0,0,0,0,0,0,0,0,0,0,0,0
//2207,RACARCH,Racarch,Racarch,1,50,0,0,0,1,7,10,0,5,1,1,1,1,6,30,10,12,1,3,21,0x83,400,1872,672,480,0,0,0,0,0,0,0,0,0,0,0,0,0,0,0,0,0,0,0,0,0,0,0,0,0,0,0
2208,WILD_RIDER,Wild Rider,Wild Rider,95,33300,0,8300,3300,1,1320,1848,480,22,100,100,30,70,100,30,10,12,2,5,41,0x37B5,150,432,432,360,0,0,0,0,0,0,0,956,7000,12624,7000,720,4000,995,2000,7938,1000,617,1000,0,0,0,0,0,0,4532,1

// Additional Monsters
2209,E_THIEF_BUG,Thief Bug,Thief Bug,1,60,1,27,20,1,8,9,2,5,6,1,1,0,6,5,10,12,1,3,21,0x83,400,1872,672,480,0,0,0,0,0,0,0,0,0,0,0,0,0,0,0,0,0,0,0,0,0,0,0,0,0,0,0
2210,XMAS_LUNATIC,Xmas Lunatic,Christmas Lunatic,1,60,1,27,20,1,8,9,2,5,6,1,1,0,6,5,10,12,1,3,21,0x83,400,1872,672,480,0,0,0,0,0,0,0,0,0,0,0,0,0,0,0,0,0,0,0,0,0,0,0,0,0,0,0
2211,E_TEDDY_BEAR,Teddy Bear,Teddy Bear,1,60,1,27,20,1,8,9,2,5,6,1,1,0,6,5,10,12,1,3,21,0x83,400,1872,672,480,0,0,0,0,0,0,0,0,0,0,0,0,0,0,0,0,0,0,0,0,0,0,0,0,0,0,0
2212,E_KNIGHT_OF_WINDSTORM,Knight of Windstorm,Stormy Knight,1,60,1,27,20,1,8,9,2,5,6,1,1,0,6,5,10,12,1,3,21,0x83,400,1872,672,480,0,0,0,0,0,0,0,0,0,0,0,0,0,0,0,0,0,0,0,0,0,0,0,0,0,0,0
2213,M_WANDER_MAN,Wander Man,Wanderer,1,60,1,27,20,1,8,9,2,5,6,1,1,0,6,5,10,12,1,3,21,0x83,400,1872,672,480,0,0,0,0,0,0,0,0,0,0,0,0,0,0,0,0,0,0,0,0,0,0,0,0,0,0,0
2214,M_WICKED_NYMPH,Wicked Nymph,Evil Nymph,1,60,1,27,20,1,8,9,2,5,6,1,1,0,6,5,10,12,1,3,21,0x83,400,1872,672,480,0,0,0,0,0,0,0,0,0,0,0,0,0,0,0,0,0,0,0,0,0,0,0,0,0,0,0
2215,M_KASA,Kasa,Kasa,1,60,1,27,20,1,8,9,2,5,6,1,1,0,6,5,10,12,1,3,21,0x83,400,1872,672,480,0,0,0,0,0,0,0,0,0,0,0,0,0,0,0,0,0,0,0,0,0,0,0,0,0,0,0
2216,M_SALAMANDER,Salamander,Salamander,1,60,1,27,20,1,8,9,2,5,6,1,1,0,6,5,10,12,1,3,21,0x83,400,1872,672,480,0,0,0,0,0,0,0,0,0,0,0,0,0,0,0,0,0,0,0,0,0,0,0,0,0,0,0
2217,M_TEDDY_BEAR,Teddy Bear,Teddy Bear,1,60,1,27,20,1,8,9,2,5,6,1,1,0,6,5,10,12,1,3,21,0x83,400,1872,672,480,0,0,0,0,0,0,0,0,0,0,0,0,0,0,0,0,0,0,0,0,0,0,0,0,0,0,0
2218,E_OCTOPUS_LEG,Octopus Leg,Octopus Tentacle,1,60,1,27,20,1,8,9,2,5,6,1,1,0,6,5,10,12,1,3,21,0x83,400,1872,672,480,0,0,0,0,0,0,0,0,0,0,0,0,0,0,0,0,0,0,0,0,0,0,0,0,0,0,0
2219,E_GIANT_OCTOPUS,Giant Octopus,Giant Octopus,1,60,1,27,20,1,8,9,2,5,6,1,1,0,6,5,10,12,1,3,21,0x83,400,1872,672,480,0,0,0,0,0,0,0,0,0,0,0,0,0,0,0,0,0,0,0,0,0,0,0,0,0,0,0
2220,E_QUVE,Quve,Quve,1,60,1,27,20,1,8,9,2,5,6,1,1,0,6,5,10,12,1,3,21,0x83,400,1872,672,480,0,0,0,0,0,0,0,0,0,0,0,0,0,0,0,0,0,0,0,0,0,0,0,0,0,0,0

// Lighthalzen Biolab F4
2221,RANDEL,Randel,Randel,141,478745,0,32367,24055,1,3055,4277,180,56,142,69,86,49,132,55,10,12,1,7,66,0x3095,170,76,384,288,0,0,0,0,0,0,0,7345,3000,6470,300,6471,300,985,100,617,10,1435,1,2162,1,0,0,0,0,0,0
2222,FLAMEL,Flamel,Flamel,141,316468,0,31166,21445,1,1074,1503,93,40,138,79,62,53,82,48,10,12,1,7,63,0x3095,180,76,384,288,0,0,0,0,0,0,0,7345,3000,6470,300,6471,300,984,100,617,10,16010,10,15044,1,0,0,0,0,0,0
2223,CELIA,Celia,Celia,141,253145,0,22107,19017,1,1612,2256,74,312,108,78,55,144,139,49,10,12,1,7,68,0x3295,150,1152,384,288,0,0,0,0,0,0,0,7345,3000,6470,300,6471,300,985,100,1654,10,2853,10,18111,1,0,0,0,0,0,0
2224,CHEN,Chen,Chen,141,218721,2000,25684,19810,1,2501,3501,125,56,126,74,71,123,99,65,10,12,1,6,81,0x3295,180,1152,384,288,0,0,0,0,0,0,0,7347,2000,6470,300,6471,300,984,100,617,10,1814,10,1659,1,0,0,0,0,0,0
2225,GERTIE,Gertie,Gertie,141,266926,0,24267,20233,1,3684,5157,108,10,145,87,59,67,127,76,10,12,1,6,85,0x3195,180,76,384,288,0,0,0,0,0,0,0,7347,2000,6470,300,6471,300,985,100,617,10,13061,10,18109,1,0,0,0,0,0,0
2226,ALPHOCCIO,Alphoccio,Alphoccio,142,256202,0,22192,20322,1,1273,1782,84,15,121,126,67,80,165,42,10,12,1,7,64,0x3095,180,76,384,288,0,0,0,0,0,0,0,7347,2000,6470,300,6471,300,984,100,617,10,1930,10,2161,1,0,0,0,0,0,0
2227,TRENTINI,Trentini,Trentini,142,204962,0,15995,13248,1,1070,1498,70,12,121,126,67,80,165,42,10,12,1,7,64,0x3095,180,76,384,288,0,0,0,0,0,0,0,7347,2000,6470,300,6471,300,985,100,1984,10,2465,10,2892,1,0,0,0,0,0,0
2228,G_RANDEL,Paladin Randel,Paladin Randel,160,3870000,0,18000,10000,1,3055,4277,667,151,303,165,181,110,178,66,10,12,1,7,86,0x37B5,100,76,384,288,0,0,0,0,0,0,0,6224,100,617,10,0,0,0,0,0,0,0,0,0,0,0,0,0,0,0,0
2229,G_FLAMEL,Creator Flamel,Creator Flamel,160,2230000,0,18000,10000,1,1074,1503,253,133,275,148,156,72,177,60,10,12,1,7,83,0x37B5,100,76,384,288,0,0,0,0,0,0,0,6223,100,617,10,0,0,0,0,0,0,0,0,0,0,0,0,0,0,0,0
2230,G_CELIA,Professor Celia,Professor Celia,160,1847804,0,18000,10000,1,1612,2256,201,543,165,190,142,236,199,93,10,12,1,7,88,0x37B5,150,1152,384,288,0,0,0,0,0,0,0,6224,100,617,10,0,0,0,0,0,0,0,0,0,0,0,0,0,0,0,0
2231,G_CHEN,Champion Chen,Champion Chen,160,2249350,5000,18000,10000,1,2501,3501,216,134,172,150,164,203,155,88,10,12,1,6,81,0x37B5,125,1152,384,288,0,0,0,0,0,0,0,6223,100,617,10,0,0,0,0,0,0,0,0,0,0,0,0,0,0,0,0
2232,G_GERTIE,Stalker Gertie,Stalker Gertie,160,2057279,0,18000,10000,1,3684,5157,251,107,211,181,114,83,225,60,10,12,1,6,85,0x37B5,100,76,384,288,0,0,0,0,0,0,0,6224,100,617,10,0,0,0,0,0,0,0,0,0,0,0,0,0,0,0,0
2233,G_ALPHOCCIO,Clown Alphoccio,Clown Alphoccio,160,1894278,0,18000,10000,1,1273,1782,201,109,176,258,155,132,309,95,10,12,1,7,84,0x37B5,100,76,384,288,0,0,0,0,0,0,0,6223,100,617,10,0,0,0,0,0,0,0,0,0,0,0,0,0,0,0,0
2234,G_TRENTINI,Gypsy Trentini,Gypsy Trentini,160,1894278,0,18000,10000,1,1070,1498,181,112,176,258,155,132,309,95,10,12,1,7,84,0x37B5,100,76,384,288,0,0,0,0,0,0,0,6224,100,617,10,0,0,0,0,0,0,0,0,0,0,0,0,0,0,0,0
2235,B_RANDEL,Paladin Randel,Paladin Randel,160,6870000,0,4621500,2664000,1,3055,4277,667,151,303,165,181,110,178,66,10,12,1,7,86,0x37B5,100,76,384,288,2310750,617,5500,603,2250,732,450,12623,9000,12616,9000,616,9000,6224,9000,13062,5000,2160,5000,1490,5000,0,0,0,0,0,0
2236,B_FLAMEL,Creator Flamel,Creator Flamel,160,4230000,0,5223570,2630354,1,1074,1503,253,133,275,148,156,72,177,60,10,12,1,7,83,0x37B5,100,76,384,288,2611785,617,5500,603,2250,732,450,12623,9000,12616,9000,616,9000,6223,9000,1387,5000,1392,5000,1393,5000,0,0,0,0,0,0
2237,B_CELIA,Professor Celia,Professor Celia,160,3847804,0,5027308,2509792,1,1612,2256,201,543,165,190,142,236,199,93,10,12,1,7,88,0x37B5,150,1152,384,288,2513654,617,5500,603,2250,732,450,12623,9000,12616,9000,616,9000,6224,9000,2854,5000,1584,5000,2582,5000,0,0,0,0,0,0
2238,B_CHEN,Champion Chen,Champion Chen,160,4249350,5000,5113568,2934974,1,2501,3501,216,134,172,150,164,203,155,88,10,12,1,6,81,0x37B5,125,1152,384,288,2556784,617,5500,603,2250,732,450,12623,9000,12616,9000,616,9000,6223,9000,1285,5000,1813,5000,16017,5000,0,0,0,0,0,0
2239,B_GERTIE,Stalker Gertie,Stalker Gertie,160,4057279,0,4420698,2691274,1,3684,5157,251,107,211,181,114,83,225,60,10,12,1,6,85,0x37B5,100,76,384,288,2210349,617,5500,603,2250,732,450,12623,9000,12616,9000,616,9000,6224,9000,13069,5000,13070,5000,1291,5000,0,0,0,0,0,0
2240,B_ALPHOCCIO,Clown Alphoccio,Clown Alphoccio,160,3894278,0,4226036,2468972,1,1273,1782,201,109,176,258,155,132,309,95,10,12,1,7,84,0x37B5,100,76,384,288,2113018,617,5500,603,2250,732,450,12623,9000,12616,9000,616,9000,6223,9000,18103,5000,1290,5000,1913,5000,0,0,0,0,0,0
2241,B_TRENTINI,Gypsy Trentini,Gypsy Trentini,160,3894278,0,4463758,2563096,1,1070,1498,181,112,176,258,155,132,309,95,10,12,1,7,84,0x37B5,100,76,384,288,2231879,0,0,0,0,0,0,12623,9000,12616,9000,616,9000,6224,9000,18103,5000,18110,5000,1963,5000,0,0,0,0,0,0
2242,MD_DESERT_WOLF,Desert Wolf,Desert Wolf,135,551578,0,0,0,1,1040,1158,151,39,93,69,63,61,82,42,10,12,1,6,20,0x37B5,200,1120,420,288,0,0,0,0,0,0,0,0,0,0,0,0,0,0,0,0,0,0,0,0,0,0,0,0,0,0,0
2243,MD_DESERT_WOLF_B,Desert Wolf,Desert Wolf,130,274531,0,0,0,1,66,82,13,0,10,12,8,5,17,7,10,12,0,6,20,0x37B5,300,1600,900,240,0,0,0,0,0,0,0,0,0,0,0,0,0,0,0,0,0,0,0,0,0,0,0,0,0,0,0
// Fix me! 2244 needs new info.
2244,QUEST_CHEN,Champion Chen,Champion Chen,99,15000,2000,0,0,1,1700,3000,216,134,126,74,71,123,99,65,10,12,1,7,68,0x37B5,180,1152,384,288,0,0,0,0,0,0,0,0,0,0,0,0,0,0,0,0,0,0,0,0,0,0,0,0,0,0,0
2245,EXP_TEST,Exp Test,Exp Test,1,50,0,0,0,1,7,10,0,5,1,1,1,1,6,30,10,12,1,3,21,0x83,400,1872,672,480,0,0,0,0,0,0,0,0,0,0,0,0,0,0,0,0,0,0,0,0,0,0,0,0,0,0,0
2246,Q_WOOTAN_FIGHTER,Wootan Fighter,Wootan Fighter,1,50,0,0,0,1,7,10,0,5,1,1,1,1,6,30,10,12,1,3,21,0x83,400,1872,672,480,0,0,0,0,0,0,0,0,0,0,0,0,0,0,0,0,0,0,0,0,0,0,0,0,0,0,0
2247,Q_INCREASE_SOIL,Increase Soil,Mi Gao,1,50,0,0,0,1,7,10,0,5,1,1,1,1,6,30,10,12,1,3,21,0x83,400,1872,672,480,0,0,0,0,0,0,0,0,0,0,0,0,0,0,0,0,0,0,0,0,0,0,0,0,0,0,0
2248,GOLDPORING,Gold Poring,Gold Poring,1,15,0,0,0,1,1,2,160,5,1,1,1,1,6,30,10,12,1,3,21,0xC3,400,1872,672,480,0,0,0,0,0,0,0,7602,3000,7470,3000,6012,3000,6485,3000,6486,3000,6487,3000,6487,3000,0,0,0,0,0,0

// Hall of Abyss Guild Dungeon
2249,PYURIEL,Pyuriel,Pyuriel,1,50,0,0,0,1,7,10,0,5,1,1,1,1,6,30,10,12,1,3,21,0x83,400,1872,672,480,0,0,0,0,0,0,0,0,0,0,0,0,0,0,0,0,0,0,0,0,0,0,0,0,0,0,0
2250,LORA,Lora,Lora,1,50,0,0,0,1,7,10,0,5,1,1,1,1,6,30,10,12,1,3,21,0x83,400,1872,672,480,0,0,0,0,0,0,0,0,0,0,0,0,0,0,0,0,0,0,0,0,0,0,0,0,0,0,0
2251,GIOIA,Gioia,Gioia,1,50,0,0,0,1,7,10,0,5,1,1,1,1,6,30,10,12,1,3,21,0x83,400,1872,672,480,0,0,0,0,0,0,0,0,0,0,0,0,0,0,0,0,0,0,0,0,0,0,0,0,0,0,0
2252,ELVIRA,Elvira,Elvira,1,50,0,0,0,1,7,10,0,5,1,1,1,1,6,30,10,12,1,3,21,0x83,400,1872,672,480,0,0,0,0,0,0,0,0,0,0,0,0,0,0,0,0,0,0,0,0,0,0,0,0,0,0,0
2253,DAEHYON,Daehyon,Daehyon,1,50,0,0,0,1,7,10,0,5,1,1,1,1,6,30,10,12,1,3,21,0x83,400,1872,672,480,0,0,0,0,0,0,0,0,0,0,0,0,0,0,0,0,0,0,0,0,0,0,0,0,0,0,0
2254,SOHEON,Soheon,Soheon,1,50,0,0,0,1,7,10,0,5,1,1,1,1,6,30,10,12,1,3,21,0x83,400,1872,672,480,0,0,0,0,0,0,0,0,0,0,0,0,0,0,0,0,0,0,0,0,0,0,0,0,0,0,0
2255,KADES,Kades,Kades,143,2466698,0,0,0,1,700,1000,479,262,100,100,100,100,100,100,10,12,2,0,67,0x37B5,150,768,768,576,0,0,0,0,0,0,0,0,0,0,0,0,0,0,0,0,0,0,0,0,0,0,0,0,0,0,0
2256,RUDO,Rudo,Rudo,135,501489,0,0,0,1,700,1000,96,196,100,100,100,100,100,100,10,12,0,8,66,0x37B5,150,768,768,576,0,0,0,0,0,0,0,0,0,0,0,0,0,0,0,0,0,0,0,0,0,0,0,0,0,0,0
2257,I_PIAMETTE,Piamette,Piamette,1,50,0,0,0,1,7,10,0,5,1,1,1,1,6,30,10,12,1,3,21,0x83,400,1872,672,480,0,0,0,0,0,0,0,0,0,0,0,0,0,0,0,0,0,0,0,0,0,0,0,0,0,0,0
2258,I_PIAMETTE_,Piamette,Piamette,1,50,0,0,0,1,7,10,0,5,1,1,1,1,6,30,10,12,1,3,21,0x83,400,1872,672,480,0,0,0,0,0,0,0,0,0,0,0,0,0,0,0,0,0,0,0,0,0,0,0,0,0,0,0
2259,I_GARDEN_KEEPER,Garden Keeper,Garden Keeper,1,50,0,0,0,1,7,10,0,5,1,1,1,1,6,30,10,12,1,3,21,0x83,400,1872,672,480,0,0,0,0,0,0,0,0,0,0,0,0,0,0,0,0,0,0,0,0,0,0,0,0,0,0,0
2260,G_GARDEN_KEEPER,Garden Keeper,Garden Keeper,1,50,0,0,0,1,7,10,0,5,1,1,1,1,6,30,10,12,1,3,21,0x83,400,1872,672,480,0,0,0,0,0,0,0,0,0,0,0,0,0,0,0,0,0,0,0,0,0,0,0,0,0,0,0
2261,I_GARDEN_WATCHER,Garden Watcher,Garden Watcher,1,50,0,0,0,1,7,10,0,5,1,1,1,1,6,30,10,12,1,3,21,0x83,400,1872,672,480,0,0,0,0,0,0,0,0,0,0,0,0,0,0,0,0,0,0,0,0,0,0,0,0,0,0,0
2262,G_GARDEN_WATCHER,Garden Watcher,Garden Watcher,1,50,0,0,0,1,7,10,0,5,1,1,1,1,6,30,10,12,1,3,21,0x83,400,1872,672,480,0,0,0,0,0,0,0,0,0,0,0,0,0,0,0,0,0,0,0,0,0,0,0,0,0,0,0
2263,I_WISH_MAIDEN,Wish Maiden,Wish Maiden,1,50,0,0,0,1,7,10,0,5,1,1,1,1,6,30,10,12,1,3,21,0x83,400,1872,672,480,0,0,0,0,0,0,0,0,0,0,0,0,0,0,0,0,0,0,0,0,0,0,0,0,0,0,0
2264,I_ARMAIA,Armaia,Armeyer Dinze,1,50,0,0,0,1,7,10,0,5,1,1,1,1,6,30,10,12,1,3,21,0x83,400,1872,672,480,0,0,0,0,0,0,0,0,0,0,0,0,0,0,0,0,0,0,0,0,0,0,0,0,0,0,0
2265,I_ARMAIA_,Armaia,Armeyer Dinze,1,50,0,0,0,1,7,10,0,5,1,1,1,1,6,30,10,12,1,3,21,0x83,400,1872,672,480,0,0,0,0,0,0,0,0,0,0,0,0,0,0,0,0,0,0,0,0,0,0,0,0,0,0,0
2266,I_EREND,Erend,Errende Ebecee,1,50,0,0,0,1,7,10,0,5,1,1,1,1,6,30,10,12,1,3,21,0x83,400,1872,672,480,0,0,0,0,0,0,0,0,0,0,0,0,0,0,0,0,0,0,0,0,0,0,0,0,0,0,0
2267,I_EREND_,Erend,Errende Ebecee,1,50,0,0,0,1,7,10,0,5,1,1,1,1,6,30,10,12,1,3,21,0x83,400,1872,672,480,0,0,0,0,0,0,0,0,0,0,0,0,0,0,0,0,0,0,0,0,0,0,0,0,0,0,0
2268,I_KAVAC,Kavac,Kavach Icarus,1,50,0,0,0,1,7,10,0,5,1,1,1,1,6,30,10,12,1,3,21,0x83,400,1872,672,480,0,0,0,0,0,0,0,0,0,0,0,0,0,0,0,0,0,0,0,0,0,0,0,0,0,0,0
2269,I_KAVAC_,Kavac,Kavach Icarus,1,50,0,0,0,1,7,10,0,5,1,1,1,1,6,30,10,12,1,3,21,0x83,400,1872,672,480,0,0,0,0,0,0,0,0,0,0,0,0,0,0,0,0,0,0,0,0,0,0,0,0,0,0,0
2270,I_RAWREL,Rawrel,Laurell Weinder,1,50,0,0,0,1,7,10,0,5,1,1,1,1,6,30,10,12,1,3,21,0x83,400,1872,672,480,0,0,0,0,0,0,0,0,0,0,0,0,0,0,0,0,0,0,0,0,0,0,0,0,0,0,0
2271,I_RAWREL_,Rawrel,Laurell Weinder,1,50,0,0,0,1,7,10,0,5,1,1,1,1,6,30,10,12,1,3,21,0x83,400,1872,672,480,0,0,0,0,0,0,0,0,0,0,0,0,0,0,0,0,0,0,0,0,0,0,0,0,0,0,0
2272,I_WHIKEBAIN,Whikebain,Wickebine Tres,1,50,0,0,0,1,7,10,0,5,1,1,1,1,6,30,10,12,1,3,21,0x83,400,1872,672,480,0,0,0,0,0,0,0,0,0,0,0,0,0,0,0,0,0,0,0,0,0,0,0,0,0,0,0
2273,I_WHIKEBAIN_,Whikebain,Wickebine Tres,1,50,0,0,0,1,7,10,0,5,1,1,1,1,6,30,10,12,1,3,21,0x83,400,1872,672,480,0,0,0,0,0,0,0,0,0,0,0,0,0,0,0,0,0,0,0,0,0,0,0,0,0,0,0
2274,I_YGNIZEM,Ygnizem,Egnigem Cenia,1,50,0,0,0,1,7,10,0,5,1,1,1,1,6,30,10,12,1,3,21,0x83,400,1872,672,480,0,0,0,0,0,0,0,0,0,0,0,0,0,0,0,0,0,0,0,0,0,0,0,0,0,0,0
2275,I_YGNIZEM_,Ygnizem,Egnigem Cenia,1,50,0,0,0,1,7,10,0,5,1,1,1,1,6,30,10,12,1,3,21,0x83,400,1872,672,480,0,0,0,0,0,0,0,0,0,0,0,0,0,0,0,0,0,0,0,0,0,0,0,0,0,0,0
2276,I_DOPPELGANGER,Doppelganger,Doppelganger,1,50,0,0,0,1,7,10,0,5,1,1,1,1,6,30,10,12,1,3,21,0x83,400,1872,672,480,0,0,0,0,0,0,0,0,0,0,0,0,0,0,0,0,0,0,0,0,0,0,0,0,0,0,0
2277,G_LORA,Lora,Lora,1,50,0,0,0,1,7,10,0,5,1,1,1,1,6,30,10,12,1,3,21,0x83,400,1872,672,480,0,0,0,0,0,0,0,0,0,0,0,0,0,0,0,0,0,0,0,0,0,0,0,0,0,0,0
2278,G_ELVIRA,Elvira,Elvira,1,50,0,0,0,1,7,10,0,5,1,1,1,1,6,30,10,12,1,3,21,0x83,400,1872,672,480,0,0,0,0,0,0,0,0,0,0,0,0,0,0,0,0,0,0,0,0,0,0,0,0,0,0,0
2279,G_SOHEON,Soheon,Soheon,1,50,0,0,0,1,7,10,0,5,1,1,1,1,6,30,10,12,1,3,21,0x83,400,1872,672,480,0,0,0,0,0,0,0,0,0,0,0,0,0,0,0,0,0,0,0,0,0,0,0,0,0,0,0
2280,G_RUDO,Rudo,Rudo,135,501489,0,0,0,1,700,1000,96,196,100,100,100,100,100,100,10,12,0,8,66,0x37B5,150,768,768,576,0,0,0,0,0,0,0,0,0,0,0,0,0,0,0,0,0,0,0,0,0,0,0,0,0,0,0
2281,GLD_DARK_SHADOW,Abysmal Dark Shadow,Abysmal Dark Shadow,147,214109,0,7630,5721,1,902,1059,140,44,155,126,89,108,142,76,10,12,0,0,87,0x37B5,220,768,1776,648,0,0,0,0,0,0,0,7205,5000,2609,1000,13038,5,6089,1000,2783,5,1385,10,6224,10,0,0,0,0,4449,1
2282,GLD_DARK_FRAME,Abysmal Dark Frame,Abysmal Dark Frame,145,200018,0,992,1115,1,318,348,81,37,69,37,36,10,53,5,10,12,1,6,67,0x37B5,200,920,720,200,0,0,0,0,0,0,0,7054,4656,734,1000,2505,30,0,0,0,0,1000,80,747,3,0,0,0,0,4170,1
2283,GLD_DARK_PRIEST,Abysmal Dark Priest,Abysmal Dark Priest,141,191878,0,2430,1667,2,355,554,62,41,5,60,41,89,78,42,10,12,1,6,89,0x37B5,200,864,1252,476,0,0,0,0,0,0,0,1557,5,2626,30,505,100,716,450,1009,50,2319,5,1241,1,0,0,0,0,4171,1
2284,GLD_KOBOLD_1,Abysmal Kobold,Abysmal Kobold,143,180483,0,2274,1706,1,539,626,103,25,109,76,61,53,82,30,10,12,1,7,44,0x37B5,150,1028,528,360,0,0,0,0,0,0,0,999,100,1034,5335,912,700,757,25,1220,2,2104,5,0,0,0,0,0,0,4091,1
2285,GLD_KOBOLD_2,Abysmal Kobold,Abysmal Kobold,142,181340,0,1944,1458,1,367,429,117,59,96,61,55,48,79,20,10,12,1,7,45,0x37B5,200,1528,528,360,0,0,0,0,0,0,0,999,100,1034,5335,912,200,2104,3,508,100,2101,100,0,0,0,0,0,0,4091,1
2286,GLD_KOBOLD_3,Abysmal Kobold,Abysmal Kobold,141,182830,0,1827,1371,1,360,424,109,48,103,64,59,42,67,20,10,12,1,7,43,0x37B5,300,1228,528,360,0,0,0,0,0,0,0,990,35,999,100,1034,5335,912,200,1355,5,2104,3,508,100,0,0,0,0,4091,1
2287,GLD_KOBOLD_ARCHER,Abysmal Kobold Archer,Abysmal Kobold Archer,142,180530,0,2160,2620,9,586,619,84,5,99,39,48,30,103,25,10,12,0,7,23,0x37B5,200,1008,1008,384,0,0,0,0,0,0,0,912,250,999,60,1034,4850,5118,50,1763,2000,1711,5,756,79,0,0,0,0,4292,1
2288,GLD_TREASURE,Treasure Chest,Treasure Chest,1,50,0,0,0,1,7,10,0,5,1,1,1,1,6,30,10,12,1,3,21,0x83,400,1872,672,480,0,0,0,0,0,0,0,0,0,0,0,0,0,0,0,0,0,0,0,0,0,0,0,0,0,0,0

// Additional Monsters
2289,E_FABRE,Fabre,Fabre,1,50,0,0,0,1,7,10,0,5,1,1,1,1,6,30,10,12,1,3,21,0x83,400,1872,672,480,0,0,0,0,0,0,0,0,0,0,0,0,0,0,0,0,0,0,0,0,0,0,0,0,0,0,0
2290,J_THIEF_BUG,Thief Bug,Thief Bug,1,50,0,0,0,1,7,10,0,5,1,1,1,1,6,30,10,12,1,3,21,0x83,400,1872,672,480,0,0,0,0,0,0,0,0,0,0,0,0,0,0,0,0,0,0,0,0,0,0,0,0,0,0,0
2291,E_HORNET,Hornet,Hornet,1,50,0,0,0,1,7,10,0,5,1,1,1,1,6,30,10,12,1,3,21,0x83,400,1872,672,480,0,0,0,0,0,0,0,0,0,0,0,0,0,0,0,0,0,0,0,0,0,0,0,0,0,0,0
2292,E_HORN,Horn,Horn,1,50,0,0,0,1,7,10,0,5,1,1,1,1,6,30,10,12,1,3,21,0x83,400,1872,672,480,0,0,0,0,0,0,0,0,0,0,0,0,0,0,0,0,0,0,0,0,0,0,0,0,0,0,0
2293,E_KIND_OF_BEETLE,Beetle King,Beetle King,1,50,0,0,0,1,7,10,0,5,1,1,1,1,6,30,10,12,1,3,21,0x83,400,1872,672,480,0,0,0,0,0,0,0,0,0,0,0,0,0,0,0,0,0,0,0,0,0,0,0,0,0,0,0
2294,E_ARGIOPE,Argiope,Argiope,1,50,0,0,0,1,7,10,0,5,1,1,1,1,6,30,10,12,1,3,21,0x83,400,1872,672,480,0,0,0,0,0,0,0,0,0,0,0,0,0,0,0,0,0,0,0,0,0,0,0,0,0,0,0
2295,E_GIANT_SPIDER,Giant Spider,Giant Spider,1,50,0,0,0,1,7,10,0,5,1,1,1,1,6,30,10,12,1,3,21,0x83,400,1872,672,480,0,0,0,0,0,0,0,0,0,0,0,0,0,0,0,0,0,0,0,0,0,0,0,0,0,0,0
2296,E_KILLER_MANTIS,Killer Mantis,Killer Mantis,1,50,0,0,0,1,7,10,0,5,1,1,1,1,6,30,10,12,1,3,21,0x83,400,1872,672,480,0,0,0,0,0,0,0,0,0,0,0,0,0,0,0,0,0,0,0,0,0,0,0,0,0,0,0
2297,E_GIANT_HONET,Giant Hornet,Giant Hornet,1,50,0,0,0,1,7,10,0,5,1,1,1,1,6,30,10,12,1,3,21,0x83,400,1872,672,480,0,0,0,0,0,0,0,0,0,0,0,0,0,0,0,0,0,0,0,0,0,0,0,0,0,0,0
2298,E_DRAGON_TAIL,Dragon Tail,Dragon Tail,1,50,0,0,0,1,7,10,0,5,1,1,1,1,6,30,10,12,1,3,21,0x83,400,1872,672,480,0,0,0,0,0,0,0,0,0,0,0,0,0,0,0,0,0,0,0,0,0,0,0,0,0,0,0
2299,E_STAINER,Stainer,Stainer,1,50,0,0,0,1,7,10,0,5,1,1,1,1,6,30,10,12,1,3,21,0x83,400,1872,672,480,0,0,0,0,0,0,0,0,0,0,0,0,0,0,0,0,0,0,0,0,0,0,0,0,0,0,0
2300,E_CHONCHON,Chonchon,Chonchon,1,50,0,0,0,1,7,10,0,5,1,1,1,1,6,30,10,12,1,3,21,0x83,400,1872,672,480,0,0,0,0,0,0,0,0,0,0,0,0,0,0,0,0,0,0,0,0,0,0,0,0,0,0,0
2301,E_STEEL_CHONCHON,Steel Chonchon,Steel Chonchon,1,50,0,0,0,1,7,10,0,5,1,1,1,1,6,30,10,12,1,3,21,0x83,400,1872,672,480,0,0,0,0,0,0,0,0,0,0,0,0,0,0,0,0,0,0,0,0,0,0,0,0,0,0,0
2302,E_HUNTER_FLY,Hunter Fly,Hunter Fly,1,50,0,0,0,1,7,10,0,5,1,1,1,1,6,30,10,12,1,3,21,0x83,400,1872,672,480,0,0,0,0,0,0,0,0,0,0,0,0,0,0,0,0,0,0,0,0,0,0,0,0,0,0,0
2303,E_MAYA,Maya,Maya,1,50,0,0,0,1,7,10,0,5,1,1,1,1,6,30,10,12,1,3,21,0x83,400,1872,672,480,0,0,0,0,0,0,0,0,0,0,0,0,0,0,0,0,0,0,0,0,0,0,0,0,0,0,0
2304,E_QUEEN_SCARABA,Queen Scaraba,Queen Scaraba,1,50,0,0,0,1,7,10,0,5,1,1,1,1,6,30,10,12,1,3,21,0x83,400,1872,672,480,0,0,0,0,0,0,0,0,0,0,0,0,0,0,0,0,0,0,0,0,0,0,0,0,0,0,0
2305,E_UNGOLIANT,Ungoliant,Ungoliant,1,50,0,0,0,1,7,10,0,5,1,1,1,1,6,30,10,12,1,3,21,0x83,400,1872,672,480,0,0,0,0,0,0,0,0,0,0,0,0,0,0,0,0,0,0,0,0,0,0,0,0,0,0,0
2306,E_GOLDEN_BUG,Golden Thief Bug,Golden Thief Bug,1,50,0,0,0,1,7,10,0,5,1,1,1,1,6,30,10,12,1,3,21,0x83,400,1872,672,480,0,0,0,0,0,0,0,0,0,0,0,0,0,0,0,0,0,0,0,0,0,0,0,0,0,0,0
2307,J_MISTRESS,Mistress,Mistress,1,50,0,0,0,1,7,10,0,5,1,1,1,1,6,30,10,12,1,3,21,0x83,400,1872,672,480,0,0,0,0,0,0,0,0,0,0,0,0,0,0,0,0,0,0,0,0,0,0,0,0,0,0,0

// Malaya Port
2309,BUNGISNGIS,Bungisngis,Bungisngis,121,25513,0,1960,1650,1,851,1276,115,35,100,100,30,30,100,30,10,12,2,7,42,0x3795,200,1000,792,336,0,0,0,0,0,0,0,7054,2000,6510,1000,12700,100,0,0,0,0,0,0,0,0,0,0,0,0,0,0
2310,ENGKANTO,Engkanto,Engkanto,125,23948,0,1723,1547,1,675,1012,101,41,100,100,30,30,125,30,10,12,1,7,40,0x3795,200,1000,792,336,0,0,0,0,0,0,0,7054,1000,6510,2000,528,1000,12700,100,0,0,0,0,0,0,0,0,0,0,0,0
2311,MANANANGGAL,Manananggal,Manananggal,107,20451,0,1415,1410,1,801,1201,64,31,100,100,30,30,200,30,10,12,1,6,47,0x3795,120,432,432,360,0,0,0,0,0,0,0,6508,3000,6511,2000,6510,1000,7006,500,913,500,0,0,0,0,0,0,0,0,0,0
2312,MANGKUKULAM,Mangkukulam,Mangkukulam,110,20151,0,1517,1351,1,582,873,89,75,100,100,30,30,100,30,10,12,1,6,47,0x3795,120,1000,792,336,0,0,0,0,0,0,0,7071,2000,6510,2000,6511,1000,7054,1000,12700,50,0,0,0,0,0,0,0,0,0,0
2313,TIKBALANG,Tikbalang,Tikbalang,115,22131,0,1756,1351,1,781,1171,84,34,100,125,30,30,100,30,10,12,2,2,64,0x3795,150,1000,768,360,0,0,0,0,0,0,0,6496,500,12700,50,0,0,0,0,0,0,0,0,0,0,0,0,0,0,0,0
2314,TIYANAK,Tiyanak,Tiyanak,105,17146,0,1314,1101,1,457,685,76,21,100,100,30,30,100,30,10,12,0,6,47,0x3795,120,432,432,360,0,0,0,0,0,0,0,938,1000,6508,1500,6509,750,0,0,0,0,0,0,0,0,0,0,0,0,0,0
2315,WAKWAK,Wakwak,Wakwak,111,20451,0,1374,1254,1,561,841,24,71,100,200,30,30,100,30,10,12,0,6,47,0x3795,120,432,432,360,0,0,0,0,0,0,0,6508,4000,6509,2000,12700,300,0,0,0,0,0,0,0,0,0,0,0,0,0,0
2316,JEJELING,Jejeling,Jejeling,100,10247,0,801,741,1,675,1012,100,26,100,100,30,30,100,30,10,12,2,3,42,0x81,400,1872,672,480,0,0,0,0,0,0,0,6498,1000,909,750,0,0,0,0,0,0,0,0,0,0,0,0,0,0,0,0
2317,BANGUNGOT_1,Bangungot,Bangungot,115,1519517,0,781541,761201,1,2561,3329,411,95,200,100,30,250,200,100,10,12,1,6,47,0x37B5,200,768,768,576,100,607,5500,617,2250,616,450,6499,7000,6524,2000,6517,2000,2491,1000,0,0,0,0,0,0,0,0,0,0,0,0
2318,BANGUNGOT_2,Bangungot,Bangungot,99,1519517,0,0,0,1,7,10,411,95,200,100,30,250,200,100,10,12,1,6,47,0x60,2000,1,1,1,0,0,0,0,0,0,0,0,0,0,0,0,0,0,0,0,0,0,0,0,0,0,0,0,0,0,0
2319,BUWAYA,Buwaya,Buwaya,151,4090365,0,3000012,2801564,1,3614,4698,201,78,200,250,30,250,150,100,10,12,2,9,81,0x37B5,100,432,432,360,100,607,5500,617,2250,616,450,6499,7000,6525,2000,6518,2000,2590,1000,0,0,0,0,0,0,0,0,0,0,0,0
2320,BAKONAWA_1,Bakonawa,Bakonawa,156,3351884,0,2510111,2345151,9,4801,6241,472,0,250,200,30,200,250,100,10,12,2,9,81,0x1A4,100,432,432,360,100,607,5500,617,2250,616,450,6499,7000,6523,2000,6516,2000,15051,1000,0,0,0,0,0,0,0,0,0,0,0,0
2321,BAKONAWA_2,Bakonawa,Bakonawa,156,3351884,0,0,0,9,4182,5526,472,0,250,200,30,200,250,100,10,12,2,9,81,0x1A4,100,432,432,360,0,0,0,0,0,0,0,0,0,0,0,0,0,0,0,0,0,0,0,0,0,0,0,0,0,0,0
2322,BAKONAWA_3,Bakonawa,Bakonawa,156,3351884,0,0,0,9,4182,5526,472,0,250,200,30,200,250,100,10,12,2,9,81,0x1A4,100,432,432,360,0,0,0,0,0,0,0,0,0,0,0,0,0,0,0,0,0,0,0,0,0,0,0,0,0,0,0
2323,EVENT_BOMB,Bomb Poring,Bomb Poring,1,50,0,0,0,1,7,10,0,5,1,1,1,1,6,30,10,12,1,3,21,0x83,400,1872,672,480,0,0,0,0,0,0,0,0,0,0,0,0,0,0,0,0,0,0,0,0,0,0,0,0,0,0,0
2324,EVENT_RANGE,Penomena,Penomena,1,50,0,0,0,1,7,10,0,5,1,1,1,1,6,30,10,12,1,3,21,0x83,400,1872,672,480,0,0,0,0,0,0,0,0,0,0,0,0,0,0,0,0,0,0,0,0,0,0,0,0,0,0,0
2325,M_BAPHOMET_,Baphomet,Baphomet,1,50,0,0,0,1,7,10,0,5,1,1,1,1,6,30,10,12,1,3,21,0x83,400,1872,672,480,0,0,0,0,0,0,0,0,0,0,0,0,0,0,0,0,0,0,0,0,0,0,0,0,0,0,0
2326,M_GALAPAGO,Galapago,Galapago,1,50,0,0,0,1,7,10,0,5,1,1,1,1,6,30,10,12,1,3,21,0x83,400,1872,672,480,0,0,0,0,0,0,0,0,0,0,0,0,0,0,0,0,0,0,0,0,0,0,0,0,0,0,0
2327,BANGUNGOT_3,Bangungot,Bangungot,115,250,0,0,0,1,80,94,45,0,10,14,25,0,29,0,10,12,1,3,43,0x30F5,200,1372,672,432,0,0,0,0,0,0,0,0,0,0,0,0,0,0,0,0,0,0,0,0,0,0,0,0,0,0,0
2328,MA_DRUM,Drum,Drum,1,50,0,0,0,1,7,10,0,5,1,1,1,1,6,30,10,12,1,3,21,0x83,400,1872,672,480,0,0,0,0,0,0,0,0,0,0,0,0,0,0,0,0,0,0,0,0,0,0,0,0,0,0,0
2329,BUWAYA_EGG,Buwaya Egg,Buwaya Egg,100,10000,0,0,0,1,7,10,90,90,1,1,50,50,1,80,10,12,0,0,60,0x0,1000,24,1,1,0,0,0,0,0,0,0,0,0,0,0,0,0,0,0,0,0,0,0,0,0,0,0,0,0,0,0
2330,BUWAYA_SLAVE,Buwaya Slave,Buwaya Slave,135,20145,0,0,0,1,2300,3100,105,71,100,50,70,50,100,30,10,12,0,3,22,0x3795,250,576,960,504,0,0,0,0,0,0,0,0,0,0,0,0,0,0,0,0,0,0,0,0,0,0,0,0,0,0,0
2331,MA_SEAW,Seaweed,Seaweed,100,10,0,0,0,1,7,10,0,5,1,1,100,100,1,30,10,12,0,3,21,0x40,2000,1,1,1,0,0,0,0,0,0,0,0,0,0,0,0,0,0,0,0,0,0,0,0,0,0,0,0,0,0,0
2332,BUWAYA_GHOST,Fake Buwaya,Fake Buwaya,138,30000,0,30000,30000,1,2726,3398,481,78,150,200,30,200,100,100,10,12,0,3,81,0x37B5,100,432,432,360,0,0,0,0,0,0,0,0,0,0,0,0,0,0,0,0,0,0,0,0,0,0,0,0,0,0,0
2333,BUWAYA_WEAK,Buwaya's Weakness,Buwaya's Weakness,138,20,0,0,0,1,7,10,100,78,1,1,1,1,6,30,10,12,0,3,81,0x60,100,432,432,360,0,0,0,0,0,0,0,0,0,0,0,0,0,0,0,0,0,0,0,0,0,0,0,0,0,0,0
2334,G_WAKWAK,Wakwak,Wakwak,1,50,0,0,0,1,7,10,0,5,1,1,1,1,6,30,10,12,1,3,21,0x83,400,1872,672,480,0,0,0,0,0,0,0,0,0,0,0,0,0,0,0,0,0,0,0,0,0,0,0,0,0,0,0
2335,MA_TREASURE,Treasure Chest,Treasure Chest,1,50,0,0,0,1,7,10,0,5,1,1,1,1,6,30,10,12,1,3,21,0x83,400,1872,672,480,0,0,0,0,0,0,0,0,0,0,0,0,0,0,0,0,0,0,0,0,0,0,0,0,0,0,0
2336,DOMOVOI,Domovoi,Domovoi,1,50,0,0,0,1,7,10,0,5,1,1,1,1,6,30,10,12,1,3,21,0x83,400,1872,672,480,0,0,0,0,0,0,0,0,0,0,0,0,0,0,0,0,0,0,0,0,0,0,0,0,0,0,0
2337,HIDDEN_MOB,Hidden Mob,Hidden Mob,1,50,0,0,0,1,7,10,0,5,1,1,1,1,6,30,10,12,1,3,21,0x83,400,1872,672,480,0,0,0,0,0,0,0,0,0,0,0,0,0,0,0,0,0,0,0,0,0,0,0,0,0,0,0
2338,MD_MANANANGGAL,Bangungot Manananggal,Bangungot Manananggal,107,204511,0,0,0,1,901,1124,64,31,100,100,30,30,200,30,10,12,1,6,47,0x3795,120,432,432,360,0,0,0,0,0,0,0,0,0,0,0,0,0,0,0,0,0,0,0,0,0,0,0,0,0,0,0
2339,MD_MANGKUKULAM,Bangungot Mangkukulam,Bangungot Mangkukulam,110,102154,0,0,0,1,598,766,89,75,100,100,30,30,100,30,10,12,1,6,47,0x3795,120,1000,792,336,0,0,0,0,0,0,0,0,0,0,0,0,0,0,0,0,0,0,0,0,0,0,0,0,0,0,0
2340,MD_TIYANAK,Tiyanak,Tiyanak,1,50,0,0,0,1,7,10,0,5,1,1,1,1,6,30,10,12,1,3,21,0x83,400,1872,672,480,0,0,0,0,0,0,0,0,0,0,0,0,0,0,0,0,0,0,0,0,0,0,0,0,0,0,0
2341,RWC_BOSS2011,RWC Boss,RWC Boss,1,50,0,0,0,1,7,10,0,5,1,1,1,1,6,30,10,12,1,3,21,0x83,400,1872,672,480,0,0,0,0,0,0,0,0,0,0,0,0,0,0,0,0,0,0,0,0,0,0,0,0,0,0,0

// Additional Mercenary Monsters
2342,MER_DIABOLIC,Diabolic,Diabolic,1,50,0,0,0,1,7,10,0,5,1,1,1,1,6,30,10,12,1,3,21,0x83,400,1872,672,480,0,0,0,0,0,0,0,0,0,0,0,0,0,0,0,0,0,0,0,0,0,0,0,0,0,0,0
2343,HIDDEN_MOB_W,Hidden Mob,Hidden Mob,1,50,0,0,0,1,7,10,0,5,1,1,1,1,6,30,10,12,1,3,21,0x83,400,1872,672,480,0,0,0,0,0,0,0,0,0,0,0,0,0,0,0,0,0,0,0,0,0,0,0,0,0,0,0
2344,MER_WISH_MAIDEN,Wish Maiden,Wish Maiden,1,50,0,0,0,1,7,10,0,5,1,1,1,1,6,30,10,12,1,3,21,0x83,400,1872,672,480,0,0,0,0,0,0,0,0,0,0,0,0,0,0,0,0,0,0,0,0,0,0,0,0,0,0,0
2345,MER_ZHERLTHSH,Zherlthsh,Zealotus,1,50,0,0,0,1,7,10,0,5,1,1,1,1,6,30,10,12,1,3,21,0x83,400,1872,672,480,0,0,0,0,0,0,0,0,0,0,0,0,0,0,0,0,0,0,0,0,0,0,0,0,0,0,0
2346,MER_KTULLANUX,Ktullanux,Ktullanux,1,50,0,0,0,1,7,10,0,5,1,1,1,1,6,30,10,12,1,3,21,0x83,400,1872,672,480,0,0,0,0,0,0,0,0,0,0,0,0,0,0,0,0,0,0,0,0,0,0,0,0,0,0,0
2347,MER_EDDGA,Eddga,Eddga,1,50,0,0,0,1,7,10,0,5,1,1,1,1,6,30,10,12,1,3,21,0x83,400,1872,672,480,0,0,0,0,0,0,0,0,0,0,0,0,0,0,0,0,0,0,0,0,0,0,0,0,0,0,0
2348,MER_CIVIL_SERVANT,Civil Servant,Mao Guai,1,50,0,0,0,1,7,10,0,5,1,1,1,1,6,30,10,12,1,3,21,0x83,400,1872,672,480,0,0,0,0,0,0,0,0,0,0,0,0,0,0,0,0,0,0,0,0,0,0,0,0,0,0,0
2349,MER_LOLI_RURI,Loli Ruri,Loli Ruri,1,50,0,0,0,1,7,10,0,5,1,1,1,1,6,30,10,12,1,3,21,0x83,400,1872,672,480,0,0,0,0,0,0,0,0,0,0,0,0,0,0,0,0,0,0,0,0,0,0,0,0,0,0,0
2350,MER_SEDORA,Sedora,Sedora,1,50,0,0,0,1,7,10,0,5,1,1,1,1,6,30,10,12,1,3,21,0x83,400,1872,672,480,0,0,0,0,0,0,0,0,0,0,0,0,0,0,0,0,0,0,0,0,0,0,0,0,0,0,0
2351,MER_CHEPET,Chepet,Chepet,1,50,0,0,0,1,7,10,0,5,1,1,1,1,6,30,10,12,1,3,21,0x83,400,1872,672,480,0,0,0,0,0,0,0,0,0,0,0,0,0,0,0,0,0,0,0,0,0,0,0,0,0,0,0

// Nightmare Pyrimids
2352,E_RSX_0805,RSX 0805,RSX 0805,1,50,0,0,0,1,7,10,0,5,1,1,1,1,6,30,10,12,1,3,21,0x83,400,1872,672,480,0,0,0,0,0,0,0,0,0,0,0,0,0,0,0,0,0,0,0,0,0,0,0,0,0,0,0
2353,N_MINOROUS,Nightmare Minorous,Nightmare Minorous,121,27141,0,16176,12252,1,853,1279,131,41,1,1,1,1,6,30,10,12,2,2,43,0x3795,200,1360,960,432,0,0,0,0,0,0,0,0,0,0,0,0,0,0,0,0,0,0,0,0,0,0,0,0,0,0,0
2354,N_MUMMY,Nightmare Mummy,Nightmare Mummy,117,22557,0,15480,11670,1,761,1141,110,21,1,1,1,1,6,30,10,12,1,1,49,0x3795,300,1772,72,384,0,0,0,0,0,0,0,0,0,0,0,0,0,0,0,0,0,0,0,0,0,0,0,0,0,0,0
2355,N_VERIT,Nightmare Verit,Nightmare Verit,115,21034,0,5280,4584,1,623,934,82,20,1,1,1,1,6,30,10,12,1,1,29,0x3795,250,2468,768,480,0,0,0,0,0,0,0,0,0,0,0,0,0,0,0,0,0,0,0,0,0,0,0,0,0,0,0
2356,N_MIMIC,Nightmare Mimic,Nightmare Mimic,1,50,0,0,0,1,7,10,0,5,1,1,1,1,6,30,10,12,1,3,21,0x83,400,1872,672,480,0,0,0,0,0,0,0,0,0,0,0,0,0,0,0,0,0,0,0,0,0,0,0,0,0,0,0
2357,G_N_MIMIC,Nightmare Mimic,Nightmare Mimic,1,50,0,0,0,1,7,10,0,5,1,1,1,1,6,30,10,12,1,3,21,0x83,400,1872,672,480,0,0,0,0,0,0,0,0,0,0,0,0,0,0,0,0,0,0,0,0,0,0,0,0,0,0,0
2358,N_ARCLOUSE,Nightmare Arclouse,Nightmare Arclouse,1,50,0,0,0,1,7,10,0,5,1,1,1,1,6,30,10,12,1,3,21,0x83,400,1872,672,480,0,0,0,0,0,0,0,0,0,0,0,0,0,0,0,0,0,0,0,0,0,0,0,0,0,0,0
2359,G_N_ARCLOUSE,Nightmare Arclouse,Nightmare Arclouse,1,50,0,0,0,1,7,10,0,5,1,1,1,1,6,30,10,12,1,3,21,0x83,400,1872,672,480,0,0,0,0,0,0,0,0,0,0,0,0,0,0,0,0,0,0,0,0,0,0,0,0,0,0,0
2360,N_ANCIENT_MUMMY,Nightmare Ancient Mummy,Nightmare Ancient Mummy,1,50,0,0,0,1,7,10,0,5,1,1,1,1,6,30,10,12,1,3,21,0x83,400,1872,672,480,0,0,0,0,0,0,0,0,0,0,0,0,0,0,0,0,0,0,0,0,0,0,0,0,0,0,0
2361,G_N_ANCIENT_MUMMY,Nightmare Ancient Mummy,Nightmare Ancient Mummy,1,50,0,0,0,1,7,10,0,5,1,1,1,1,6,30,10,12,1,3,21,0x83,400,1872,672,480,0,0,0,0,0,0,0,0,0,0,0,0,0,0,0,0,0,0,0,0,0,0,0,0,0,0,0
2362,N_AMON_RA,Nightmare Amon Ra,Nightmare Amon Ra,1,50,0,0,0,1,7,10,0,5,1,1,1,1,6,30,10,12,1,3,21,0x83,400,1872,672,480,0,0,0,0,0,0,0,0,0,0,0,0,0,0,0,0,0,0,0,0,0,0,0,0,0,0,0

// Eclage (14.2)
2363,MENBLATT,Menblatt,Menblatt,143,82200,0,4150,3421,1,816,1224,79,50,1,1,1,1,6,30,10,12,1,4,44,0x3795,145,472,576,288,0,0,0,0,0,0,0,0,0,0,0,0,0,0,0,0,0,0,0,0,0,0,0,0,0,0,0
2364,PETAL,Petal,Petal,141,81031,0,4058,3361,1,671,1006,73,33,1,1,1,1,6,30,10,12,1,2,24,0x3795,200,1500,500,1000,0,0,0,0,0,0,0,0,0,0,0,0,0,0,0,0,0,0,0,0,0,0,0,0,0,0,0
2365,CENERE,Cenere,Cenere,146,130131,0,7117,5712,1,1802,2342,87,81,1,1,1,1,6,30,10,12,0,3,24,0x3795,300,1500,500,1000,0,0,0,0,0,0,0,0,0,0,0,0,0,0,0,0,0,0,0,0,0,0,0,0,0,0,0
2366,ANTIQUE_BOOK,Antique Book,Antique Book,143,134615,0,7225,5870,1,1861,2419,74,42,1,1,1,1,6,30,10,12,0,0,60,0x3795,150,176,912,300,0,0,0,0,0,0,0,0,0,0,0,0,0,0,0,0,0,0,0,0,0,0,0,0,0,0,0
2367,LICHTERN_B,Blue Lichtern,Blue Lichtern,1,50,0,0,0,1,7,10,0,5,1,1,1,1,6,30,10,12,1,3,21,0x83,400,1872,672,480,0,0,0,0,0,0,0,0,0,0,0,0,0,0,0,0,0,0,0,0,0,0,0,0,0,0,0
2368,LICHTERN_Y,Yellow Lichtern,Yellow Lichtern,1,50,0,0,0,1,7,10,0,5,1,1,1,1,6,30,10,12,1,3,21,0x83,400,1872,672,480,0,0,0,0,0,0,0,0,0,0,0,0,0,0,0,0,0,0,0,0,0,0,0,0,0,0,0
2369,LICHTERN_R,Red Lichtern,Red Lichtern,1,50,0,0,0,1,7,10,0,5,1,1,1,1,6,30,10,12,1,3,21,0x83,400,1872,672,480,0,0,0,0,0,0,0,0,0,0,0,0,0,0,0,0,0,0,0,0,0,0,0,0,0,0,0
2370,LICHTERN_G,Green Lichtern,Green Lichtern,1,50,0,0,0,1,7,10,0,5,1,1,1,1,6,30,10,12,1,3,21,0x83,400,1872,672,480,0,0,0,0,0,0,0,0,0,0,0,0,0,0,0,0,0,0,0,0,0,0,0,0,0,0,0
2371,FAITHFUL_MANAGER,Faithful Manager,Faithful Manager,1,50,0,0,0,1,7,10,0,5,1,1,1,1,6,30,10,12,1,3,21,0x83,400,1872,672,480,0,0,0,0,0,0,0,0,0,0,0,0,0,0,0,0,0,0,0,0,0,0,0,0,0,0,0

// Additional Monsters
2372,SOIL,Soil,Soil,1,50,0,0,0,1,7,10,0,5,1,1,1,1,6,30,10,12,1,3,21,0x83,400,1872,672,480,0,0,0,0,0,0,0,0,0,0,0,0,0,0,0,0,0,0,0,0,0,0,0,0,0,0,0
2373,ROCK,Rock,Rock,1,50,0,0,0,1,7,10,0,5,1,1,1,1,6,30,10,12,1,3,21,0x83,400,1872,672,480,0,0,0,0,0,0,0,0,0,0,0,0,0,0,0,0,0,0,0,0,0,0,0,0,0,0,0
2374,THICKET,Thicket,Thicket,1,50,0,0,0,1,7,10,0,5,1,1,1,1,6,30,10,12,1,3,21,0x83,400,1872,672,480,0,0,0,0,0,0,0,0,0,0,0,0,0,0,0,0,0,0,0,0,0,0,0,0,0,0,0
2375,MOROCC_4_142,Incarnation of Morroc,Incarnation of Morroc,1,50,0,0,0,1,7,10,0,5,1,1,1,1,6,30,10,12,1,3,21,0x83,400,1872,672,480,0,0,0,0,0,0,0,0,0,0,0,0,0,0,0,0,0,0,0,0,0,0,0,0,0,0,0
2376,MOROCC_2_142,Incarnation of Morroc,Incarnation of Morroc,1,50,0,0,0,1,7,10,0,5,1,1,1,1,6,30,10,12,1,3,21,0x83,400,1872,672,480,0,0,0,0,0,0,0,0,0,0,0,0,0,0,0,0,0,0,0,0,0,0,0,0,0,0,0
2377,E_NOVUS_,Novus,Novus,1,50,0,0,0,1,7,10,0,5,1,1,1,1,6,30,10,12,1,3,21,0x83,400,1872,672,480,0,0,0,0,0,0,0,0,0,0,0,0,0,0,0,0,0,0,0,0,0,0,0,0,0,0,0
2378,MER_ANTLER_SCARABA,Antler Scaraba,Antler Scaraba,1,50,0,0,0,1,7,10,0,5,1,1,1,1,6,30,10,12,1,3,21,0x83,400,1872,672,480,0,0,0,0,0,0,0,0,0,0,0,0,0,0,0,0,0,0,0,0,0,0,0,0,0,0,0
2379,XMAS_SMOKEY_SOCK,Smokey Sock,Smokey Sock,1,50,0,0,0,1,7,10,0,5,1,1,1,1,6,30,10,12,1,3,21,0x83,400,1872,672,480,0,0,0,0,0,0,0,0,0,0,0,0,0,0,0,0,0,0,0,0,0,0,0,0,0,0,0
2380,XMAS_SMOKEY_GIFT,Smokey Gift,Smokey Gift,1,50,0,0,0,1,7,10,0,5,1,1,1,1,6,30,10,12,1,3,21,0x83,400,1872,672,480,0,0,0,0,0,0,0,0,0,0,0,0,0,0,0,0,0,0,0,0,0,0,0,0,0,0,0
